$hessian                                                                        
        0.5402448111  -0.0138895113   0.0301505788  -0.2391367189  -0.0636477852
       -0.0206102719  -0.0135298787   0.0084657905   0.0011898437  -0.0007015370
       -0.0411332239  -0.0042262634   0.0077422963   0.0014070901  -0.0015304136
       -0.0457050925   0.0307967289   0.0072222515  -0.0413394191  -0.0177960330
        0.0460559640  -0.1855251261   0.1062600331  -0.0590131262  -0.0227713856
       -0.0108739273   0.0009437105   0.0007220507   0.0004108383  -0.0001822736
       -0.0138895113   0.5117954180   0.0116352605  -0.0654546589  -0.0935256470
       -0.0119666782  -0.0062545649   0.0063714875  -0.0008773076  -0.0392198852
       -0.0521994436   0.0052285532   0.0018315458  -0.0046420133  -0.0008269677
        0.0273220369  -0.1922999290  -0.1141537860  -0.0222551128  -0.0544496631
        0.0796018358   0.1067959255  -0.1255334832   0.0375189427   0.0108435673
        0.0038254743  -0.0049825562   0.0002806577   0.0006577994  -0.0011772965
        0.0301505788   0.0116352605   0.4168331734  -0.0302456429  -0.0224868724
       -0.0632889031   0.0056498955  -0.0009308440  -0.0057126629  -0.0077951894
        0.0068157649   0.0225189595  -0.0002167670  -0.0024000665   0.0012946745
        0.0095334421  -0.1111339775  -0.1108497894   0.0536137245   0.0827726935
       -0.2044425702  -0.0560304189   0.0372080928  -0.0639993192  -0.0045238528
       -0.0015238876   0.0068024332  -0.0001357698   0.0000438364   0.0008440042
       -0.2391367189  -0.0654546589  -0.0302456429   0.5823853488   0.0340767141
        0.0441748320   0.0346748265   0.0123342915  -0.0012179960  -0.1141182501
       -0.0552917981  -0.0046573884  -0.0119676879  -0.0042472912   0.0002343281
        0.0013812123  -0.0091137821   0.0029006710  -0.0110497527  -0.0112570945
        0.0046384514  -0.0307029651  -0.0069760135  -0.0001037647  -0.2082065776
        0.1027364098  -0.0160542121  -0.0032594353   0.0031932229   0.0003307217
       -0.0636477852  -0.0935256470  -0.0224868724   0.0340767141   0.7052168215
        0.0123290665   0.0413762354  -0.0615442985   0.0033591841  -0.0834066343
       -0.4268288173  -0.0165898104  -0.0132279342   0.0008812882   0.0002548403
       -0.0182099524  -0.0254764523  -0.0003320168  -0.0124682624  -0.0144976979
        0.0071107618   0.0090244467   0.0158319776   0.0049501876   0.1027605676
       -0.0942338283   0.0086949193   0.0037226046  -0.0058233459   0.0027097401
       -0.0206102719  -0.0119666782  -0.0632889031   0.0441748320   0.0123290665
        0.1653068506  -0.0011350852   0.0012331421   0.0032202575  -0.0030694171
       -0.0125590264  -0.0531733713   0.0002389830  -0.0005336454  -0.0019540970
       -0.0146133727  -0.0081086126  -0.0031897614   0.0183886603   0.0122394751
       -0.0022595294  -0.0087536461  -0.0039061073   0.0000851840  -0.0142845989
        0.0093930121  -0.0459336846  -0.0003360835   0.0018793740   0.0011870548
       -0.0135298787  -0.0062545649   0.0056498955   0.0346748265   0.0413762354
       -0.0011350852   0.8518135405   0.2650960711  -0.2583376723  -0.0549214057
       -0.0558070379   0.0021869994  -0.7462571003  -0.1384790931   0.2288560285
       -0.0006200891   0.0036068256  -0.0010469636   0.0024899081  -0.0005399711
       -0.0017954573   0.0021047075  -0.0079366234  -0.0032805710  -0.0010231894
       -0.0049617215  -0.0003437083  -0.0747313194  -0.0961001202   0.0292465343
        0.0084657905   0.0063714875  -0.0009308440   0.0123342915  -0.0615442985
        0.0012331421   0.2650960711   0.4164319519  -0.1375432800  -0.0057203572
       -0.0514679854   0.0136874953  -0.1891530699  -0.1104121494   0.0658945439
        0.0000924096  -0.0023984535   0.0004080121  -0.0011584021  -0.0015453791
        0.0010957127  -0.0027651716   0.0016073878   0.0008230893   0.0003824684
       -0.0018370807  -0.0030084376  -0.0875740303  -0.1952054806   0.0583405663
        0.0011898437  -0.0008773076  -0.0057126629  -0.0012179960   0.0033591841
        0.0032202575  -0.2583376723  -0.1375432800   0.2539233291  -0.0108376757
        0.0160428767  -0.0537473082   0.2415431435   0.0540300018  -0.1333760137
       -0.0005386443  -0.0007220156   0.0000784055   0.0011404050   0.0014663758
        0.0000906394  -0.0003855087   0.0002904433   0.0002771011  -0.0009168474
        0.0013124666   0.0084862494   0.0283609523   0.0626412549  -0.0732399971
       -0.0007015370  -0.0392198852  -0.0077951894  -0.1141182501  -0.0834066343
       -0.0030694171  -0.0549214057  -0.0057203572  -0.0108376757   0.2646735110
        0.0623708003  -0.0063294592  -0.0973207221   0.0402833367   0.0217827346
       -0.0056290990  -0.0032914816  -0.0000480528  -0.0019690763  -0.0004877920
        0.0000482236   0.0014375982   0.0019677849   0.0010105605   0.0062217138
        0.0260607747   0.0032076423   0.0023272673   0.0014434536   0.0020306332
       -0.0411332239  -0.0521994436   0.0068157649  -0.0552917981  -0.4268288173
       -0.0125590264  -0.0558070379  -0.0514679854   0.0160428767   0.0623708003
        0.5833480104   0.0067234320   0.0672626973   0.0128920815  -0.0134344156
       -0.0064544625   0.0067146354  -0.0015614659   0.0011937560   0.0020413862
       -0.0055399350   0.0060356892  -0.0064026130  -0.0041289146   0.0031581407
       -0.0398951743   0.0036439099   0.0186654389  -0.0282020799   0.0039977738
       -0.0042262634   0.0052285532   0.0225189595  -0.0046573884  -0.0165898104
       -0.0531733713   0.0021869994   0.0136874953  -0.0537473082  -0.0063294592
        0.0067234320   0.0540770654   0.0126506218  -0.0101378280   0.0163522057
        0.0027075944  -0.0022879170   0.0019795436  -0.0019498744  -0.0055250060
       -0.0013200542   0.0024524862  -0.0006884524  -0.0018442611   0.0002922014
        0.0010184978   0.0052787990  -0.0031269178   0.0085710354   0.0098784217
        0.0077422963   0.0018315458  -0.0002167670  -0.0119676879  -0.0132279342
        0.0002389830  -0.7462571003  -0.1891530699   0.2415431435  -0.0973207221
        0.0672626973   0.0126506218   0.8767859386   0.1307350757  -0.2695925484
        0.0004855847  -0.0016184682   0.0004915152  -0.0017527105  -0.0002543208
        0.0007902522  -0.0003414868   0.0036302098   0.0013069456   0.0013905865
        0.0028373616  -0.0016211899  -0.0287646985  -0.0020430970   0.0144090439
        0.0014070901  -0.0046420133  -0.0024000665  -0.0042472912   0.0008812882
       -0.0005336454  -0.1384790931  -0.1104121494   0.0540300018   0.0402833367
        0.0128920815  -0.0101378280   0.1307350757   0.0995720360  -0.0541106185
        0.0014969398  -0.0009190808   0.0004907329  -0.0008572608   0.0013654115
       -0.0002080452  -0.0004873323  -0.0020387611   0.0002286354  -0.0003745242
        0.0009285354   0.0002738149  -0.0294769407   0.0023726521   0.0123670185
       -0.0015304136  -0.0008269677   0.0012946745   0.0002343281   0.0002548403
       -0.0019540970   0.2288560285   0.0658945439  -0.1333760137   0.0217827346
       -0.0134344156   0.0163522057  -0.2695925484  -0.0541106185   0.1093481492
        0.0005570034  -0.0001248840   0.0002125583  -0.0002033879  -0.0002979681
       -0.0005343040   0.0000625062  -0.0009985958  -0.0008499060   0.0000714099
       -0.0007097732  -0.0012893499   0.0197623391   0.0043538386   0.0107960830
       -0.0457050925   0.0273220369   0.0095334421   0.0013812123  -0.0182099524
       -0.0146133727  -0.0006200891   0.0000924096  -0.0005386443  -0.0056290990
       -0.0064544625   0.0027075944   0.0004855847   0.0014969398   0.0005570034
        0.0482033525  -0.0241156233  -0.0161015270   0.0028945836   0.0058145683
        0.0074520888  -0.0014218351   0.0157959753   0.0107602353   0.0002021426
       -0.0018186334   0.0003355490   0.0002092399   0.0000767418  -0.0000923691
        0.0307967289  -0.1922999290  -0.1111339775  -0.0091137821  -0.0254764523
       -0.0081086126   0.0036068256  -0.0023984535  -0.0007220156  -0.0032914816
        0.0067146354  -0.0022879170  -0.0016184682  -0.0009190808  -0.0001248840
       -0.0241156233   0.2218167500   0.1289687977   0.0002825528   0.0047228516
        0.0003335958   0.0037534048  -0.0130865298  -0.0084692316  -0.0001351021
        0.0010558536   0.0012291171  -0.0001650549  -0.0001296453   0.0003151277
        0.0072222515  -0.1141537860  -0.1108497894   0.0029006710  -0.0003320168
       -0.0031897614  -0.0010469636   0.0004080121   0.0000784055  -0.0000480528
       -0.0015614659   0.0019795436   0.0004915152   0.0004907329   0.0002125583
       -0.0161015270   0.1289687977   0.1293294371   0.0058515414  -0.0189969776
       -0.0227316753   0.0003744047   0.0053543535   0.0051397351   0.0002756643
       -0.0002956432   0.0000908912   0.0000804953   0.0001179932  -0.0000593445
       -0.0413394191  -0.0222551128   0.0536137245  -0.0110497527  -0.0124682624
        0.0183886603   0.0024899081  -0.0011584021   0.0011404050  -0.0019690763
        0.0011937560  -0.0019498744  -0.0017527105  -0.0008572608  -0.0002033879
        0.0028945836   0.0002825528   0.0058515414   0.0476923346   0.0248053355
       -0.0566629805   0.0037657071   0.0106984404  -0.0163495942  -0.0006499046
       -0.0001920537  -0.0035798204  -0.0000816699  -0.0000489930  -0.0002486736
       -0.0177960330  -0.0544496631   0.0827726935  -0.0112570945  -0.0144976979
        0.0122394751  -0.0005399711  -0.0015453791   0.0014663758  -0.0004877920
        0.0020413862  -0.0055250060  -0.0002543208   0.0013654115  -0.0002979681
        0.0058145683   0.0047228516  -0.0189969776   0.0248053355   0.0697717153
       -0.0898664727   0.0004123173  -0.0077030242   0.0162110266  -0.0006603133
        0.0004143002   0.0016584190  -0.0000366964  -0.0001199006   0.0003384343
        0.0460559640   0.0796018358  -0.2044425702   0.0046384514   0.0071107618
       -0.0022595294  -0.0017954573   0.0010957127   0.0000906394   0.0000482236
       -0.0055399350  -0.0013200542   0.0007902522  -0.0002080452  -0.0005343040
        0.0074520888   0.0003335958  -0.0227316753  -0.0566629805  -0.0898664727
        0.2407578453  -0.0007715593   0.0077288668  -0.0099308756   0.0001374790
       -0.0003074022   0.0002302291   0.0001075380   0.0000510822   0.0001402951
       -0.1855251261   0.1067959255  -0.0560304189  -0.0307029651   0.0090244467
       -0.0087536461   0.0021047075  -0.0027651716  -0.0003855087   0.0014375982
        0.0060356892   0.0024524862  -0.0003414868  -0.0004873323   0.0000625062
       -0.0014218351   0.0037534048   0.0003744047   0.0037657071   0.0004123173
       -0.0007715593   0.2141408074  -0.1206107955   0.0652630456  -0.0031970384
       -0.0020968950  -0.0020829972  -0.0002603686  -0.0000615892  -0.0001283125
        0.1062600331  -0.1255334832   0.0372080928  -0.0069760135   0.0158319776
       -0.0039061073  -0.0079366234   0.0016073878   0.0002904433   0.0019677849
       -0.0064026130  -0.0006884524   0.0036302098  -0.0020387611  -0.0009985958
        0.0157959753  -0.0130865298   0.0053543535   0.0106984404  -0.0077030242
        0.0077288668  -0.1206107955   0.1386272842  -0.0471383856  -0.0030517952
       -0.0009622613   0.0021548437   0.0002227841  -0.0003399770  -0.0000050591
       -0.0590131262   0.0375189427  -0.0639993192  -0.0001037647   0.0049501876
        0.0000851840  -0.0032805710   0.0008230893   0.0002771011   0.0010105605
       -0.0041289146  -0.0018442611   0.0013069456   0.0002286354  -0.0008499060
        0.0107602353  -0.0084692316   0.0051397351  -0.0163495942   0.0162110266
       -0.0099308756   0.0652630456  -0.0471383856   0.0658126547  -0.0000197203
       -0.0001772472   0.0051259336   0.0004259893   0.0001818975   0.0001837534
       -0.0227713856   0.0108435673  -0.0045238528  -0.2082065776   0.1027605676
       -0.0142845989  -0.0010231894   0.0003824684  -0.0009168474   0.0062217138
        0.0031581407   0.0002922014   0.0013905865  -0.0003745242   0.0000714099
        0.0002021426  -0.0001351021   0.0002756643  -0.0006499046  -0.0006603133
        0.0001374790  -0.0031970384  -0.0030517952  -0.0000197203   0.2278173900
       -0.1128769417   0.0189010008   0.0002162627  -0.0000460677   0.0000672640
       -0.0108739273   0.0038254743  -0.0015238876   0.1027364098  -0.0942338283
        0.0093930121  -0.0049617215  -0.0018370807   0.0013124666   0.0260607747
       -0.0398951743   0.0010184978   0.0028373616   0.0009285354  -0.0007097732
       -0.0018186334   0.0010558536  -0.0002956432  -0.0001920537   0.0004143002
       -0.0003074022  -0.0020968950  -0.0009622613  -0.0001772472  -0.1128769417
        0.1319347840  -0.0088608929   0.0011856264  -0.0012306029   0.0001508697
        0.0009437105  -0.0049825562   0.0068024332  -0.0160542121   0.0086949193
       -0.0459336846  -0.0003437083  -0.0030084376   0.0084862494   0.0032076423
        0.0036439099   0.0052787990  -0.0016211899   0.0002738149  -0.0012893499
        0.0003355490   0.0012291171   0.0000908912  -0.0035798204   0.0016584190
        0.0002302291  -0.0020829972   0.0021548437   0.0051259336   0.0189010008
       -0.0088608929   0.0225889137   0.0002940254  -0.0008031374  -0.0013804147
        0.0007220507   0.0002806577  -0.0001357698  -0.0032594353   0.0037226046
       -0.0003360835  -0.0747313194  -0.0875740303   0.0283609523   0.0023272673
        0.0186654389  -0.0031269178  -0.0287646985  -0.0294769407   0.0197623391
        0.0002092399  -0.0001650549   0.0000804953  -0.0000816699  -0.0000366964
        0.0001075380  -0.0002603686   0.0002227841   0.0004259893   0.0002162627
        0.0011856264   0.0002940254   0.1036226711   0.0931756106  -0.0454325682
        0.0004108383   0.0006577994   0.0000438364   0.0031932229  -0.0058233459
        0.0018793740  -0.0961001202  -0.1952054806   0.0626412549   0.0014434536
       -0.0282020799   0.0085710354  -0.0020430970   0.0023726521   0.0043538386
        0.0000767418  -0.0001296453   0.0001179932  -0.0000489930  -0.0001199006
        0.0000510822  -0.0000615892  -0.0003399770   0.0001818975  -0.0000460677
       -0.0012306029  -0.0008031374   0.0931756106   0.2280205807  -0.0770371749
       -0.0001822736  -0.0011772965   0.0008440042   0.0003307217   0.0027097401
        0.0011870548   0.0292465343   0.0583405663  -0.0732399971   0.0020306332
        0.0039977738   0.0098784217   0.0144090439   0.0123670185   0.0107960830
       -0.0000923691   0.0003151277  -0.0000593445  -0.0002486736   0.0003384343
        0.0001402951  -0.0001283125  -0.0000050591   0.0001837534   0.0000672640
        0.0001508697  -0.0013804147  -0.0454325682  -0.0770371749   0.0516501441
