           1           2   1.2277555689749104     
           2           4   1.4906915814784738     
           3           4  0.86443421283732713     
           3           5   2.0485278890093590     
           4           5  0.10581692483511881     
           1           6  0.89653192533839199     
           1           7  0.80756448093371946     
           1           8  0.94116364829217136     
           2           9  0.91902043719034732     
           3          10  0.91024624948795607     
