$hessian                                                                        
        0.4985942978  -0.0260546983  -0.0145553688  -0.1208407039  -0.0217366471
       -0.0794584399  -0.1170414167  -0.0097476650   0.1091859182  -0.0519335777
       -0.0503062981   0.0050809594  -0.1997846324   0.1106155299  -0.0080357679
       -0.0159848642  -0.0090821122  -0.0205244745   0.0069908971   0.0063118908
        0.0083071734
       -0.0260546983   0.4337145613   0.0028866053  -0.0171165168  -0.0517111698
       -0.0409508756  -0.0102551249  -0.0434831566   0.0227849337  -0.0576131741
       -0.2261074801   0.0091264569   0.1113082553  -0.1152140636   0.0090211309
        0.0038587191   0.0039312109   0.0034224376  -0.0041274604  -0.0011299022
       -0.0062906888
       -0.0145553688   0.0028866053   0.4871674013  -0.0820444636  -0.0490887277
       -0.1854493527   0.1055252628   0.0234104191  -0.2001829773   0.0094076364
        0.0220953843  -0.0342317127  -0.0046290443   0.0080279010  -0.0461847550
       -0.0018394291   0.0011594872  -0.0016677278  -0.0118645933  -0.0084910691
       -0.0194508759
       -0.1208407039  -0.0171165168  -0.0820444636   0.5601577484  -0.0671664932
        0.0080610707   0.0091803236   0.0024343770   0.0086900918  -0.0092610275
       -0.0117416297  -0.0129206844  -0.0214595250  -0.0058487401  -0.0233309879
       -0.3144656666   0.0547034473  -0.0047670631  -0.1033111491   0.0447355554
        0.1063120365
       -0.0217366471  -0.0517111698  -0.0490887277  -0.0671664932   0.1155487815
        0.1608085985   0.0009919985   0.0001300578  -0.0036421533  -0.0161629710
       -0.0074919526  -0.0231764456   0.0055161342   0.0048150063   0.0104088098
        0.0515547103  -0.0209385561  -0.0098991431   0.0470032682  -0.0403521671
       -0.0854109385
       -0.0794584399  -0.0409508756  -0.1854493527   0.0080610707   0.1608085985
        0.4958103105  -0.0118312041  -0.0100733708  -0.0294507821  -0.0102993794
       -0.0153362329  -0.0073548985  -0.0085641210  -0.0006987794  -0.0034784956
       -0.0048883531  -0.0105037924  -0.0391794028   0.1069804267  -0.0832455475
       -0.2308973787
       -0.1170414167  -0.0102551249   0.1055252628   0.0091803236   0.0009919985
       -0.0118312041   0.1311739679   0.0168613179  -0.1231520672  -0.0065576744
       -0.0041984815   0.0106863389  -0.0173962009  -0.0019863631   0.0223328428
        0.0013283968   0.0001717320  -0.0009759842  -0.0006873965  -0.0015850789
       -0.0025851890
       -0.0097476650  -0.0434831566   0.0234104191   0.0024343770   0.0001300578
       -0.0100733708   0.0168613179   0.0497141997  -0.0225983450  -0.0202829893
       -0.0086293337   0.0262009779   0.0115067563   0.0016704225  -0.0150634223
        0.0000210310  -0.0001783556   0.0005185559  -0.0007928279   0.0007761660
       -0.0023948149
        0.1091859182   0.0227849337  -0.2001829773   0.0086900918  -0.0036421533
       -0.0294507821  -0.1231520672  -0.0225983450   0.2371318516   0.0058257256
        0.0037108255  -0.0047283576   0.0014650252  -0.0004970659   0.0000750427
        0.0007405024  -0.0002531955   0.0012353031  -0.0027551959   0.0004950004
       -0.0040800804
       -0.0519335777  -0.0576131741   0.0094076364  -0.0092610275  -0.0161629710
       -0.0102993794  -0.0065576744  -0.0202829893   0.0058257256   0.0640721000
        0.0681883431  -0.0026120419   0.0045411086   0.0262426311  -0.0017508779
       -0.0002326420   0.0010182222  -0.0010748738  -0.0006282870  -0.0013900621
        0.0005038110
       -0.0503062981  -0.2261074801   0.0220953843  -0.0117416297  -0.0074919526
       -0.0153362329  -0.0041984815  -0.0086293337   0.0037108255   0.0681883431
        0.2699333215  -0.0134918275  -0.0017187571  -0.0261836564   0.0027354878
        0.0001211403  -0.0012401560   0.0002485172  -0.0003443171  -0.0002807426
        0.0000378455
        0.0050809594   0.0091264569  -0.0342317127  -0.0129206844  -0.0231764456
       -0.0073548985   0.0106863389   0.0262009779  -0.0047283576  -0.0026120419
       -0.0134918275   0.0461572949   0.0004342540   0.0013437539   0.0017814223
       -0.0002009001  -0.0007405094  -0.0004777632  -0.0004679260   0.0007375937
       -0.0011459852
       -0.1997846324   0.1113082553  -0.0046290443  -0.0214595250   0.0055161342
       -0.0085641210  -0.0173962009   0.0115067563   0.0014650252   0.0045411086
       -0.0017187571   0.0004342540   0.2340623636  -0.1268713850   0.0142503251
       -0.0010418076   0.0009571530  -0.0040046034   0.0010786937  -0.0006981567
        0.0010481644
        0.1106155299  -0.1152140636   0.0080279010  -0.0058487401   0.0048150063
       -0.0006987794  -0.0019863631   0.0016704225  -0.0004970659   0.0262426311
       -0.0261836564   0.0013437539  -0.1268713850   0.1343132547  -0.0069696590
       -0.0016865764   0.0003055833  -0.0013611369  -0.0004650964   0.0002934532
        0.0001549864
       -0.0080357679   0.0090211309  -0.0461847550  -0.0233309879   0.0104088098
       -0.0034784956   0.0223328428  -0.0150634223   0.0000750427  -0.0017508779
        0.0027354878   0.0017814223   0.0142503251  -0.0069696590   0.0500040003
       -0.0027247135  -0.0009285865  -0.0032097657  -0.0007408207   0.0007962394
        0.0010125511
       -0.0159848642   0.0038587191  -0.0018394291  -0.3144656666   0.0515547103
       -0.0048883531   0.0013283968   0.0000210310   0.0007405024  -0.0002326420
        0.0001211403  -0.0002009001  -0.0010418076  -0.0016865764  -0.0027247135
        0.3443880963  -0.0571134763   0.0086226946  -0.0139915128   0.0032444519
        0.0002901988
       -0.0090821122   0.0039312109   0.0011594872   0.0547034473  -0.0209385561
       -0.0105037924   0.0001717320  -0.0001783556  -0.0002531955   0.0010182222
       -0.0012401560  -0.0007405094   0.0009571530   0.0003055833  -0.0009285865
       -0.0571134763   0.0173198117   0.0121266734   0.0093450341   0.0008004617
       -0.0008600768
       -0.0205244745   0.0034224376  -0.0016677278  -0.0047670631  -0.0098991431
       -0.0391794028  -0.0009759842   0.0005185559   0.0012353031  -0.0010748738
        0.0002485172  -0.0004777632  -0.0040046034  -0.0013611369  -0.0032097657
        0.0086226946   0.0121266734   0.0436017258   0.0227243044  -0.0050559041
       -0.0003023693
        0.0069908971  -0.0041274604  -0.0118645933  -0.1033111491   0.0470032682
        0.1069804267  -0.0006873965  -0.0007928279  -0.0027551959  -0.0006282870
       -0.0003443171  -0.0004679260   0.0010786937  -0.0004650964  -0.0007408207
       -0.0139915128   0.0093450341   0.0227243044   0.1105487544  -0.0506186004
       -0.1138761951
        0.0063118908  -0.0011299022  -0.0084910691   0.0447355554  -0.0403521671
       -0.0832455475  -0.0015850789   0.0007761660   0.0004950004  -0.0013900621
       -0.0002807426   0.0007375937  -0.0006981567   0.0002934532   0.0007962394
        0.0032444519   0.0008004617  -0.0050559041  -0.0506186004   0.0398927309
        0.0947636872
        0.0083071734  -0.0062906888  -0.0194508759   0.1063120365  -0.0854109385
       -0.2308973787  -0.0025851890  -0.0023948149  -0.0040800804   0.0005038110
        0.0000378455  -0.0011459852   0.0010481644   0.0001549864   0.0010125511
        0.0002901988  -0.0008600768  -0.0003023693  -0.1138761951   0.0947636872
        0.2548641384
