$hessian                                                                        
        0.4545478779   0.0971221008   0.0001022151  -0.1636333911  -0.0028573895
        0.0003456993   0.0045514089  -0.0218900080   0.0000526641  -0.0218871557
       -0.0336140585   0.0001306650  -0.0803120797   0.0397001688  -0.0000304649
       -0.0808711273  -0.0388330217   0.0812769095  -0.0820351649  -0.0397469562
       -0.0820161767  -0.0134514795   0.0003504085   0.0024296829  -0.0135985532
        0.0003511307  -0.0023265804  -0.0033103353  -0.0005823748   0.0000353861
        0.0971221008   0.4113203822   0.0000129338   0.0038600409  -0.0554569286
       -0.0000507285  -0.0260687570  -0.0541166776   0.0002146649  -0.0236478802
       -0.0176297692   0.0001140537   0.0173122573  -0.1431966566   0.0001169542
       -0.0396903146  -0.0726041011   0.0790481543  -0.0406544036  -0.0733395429
       -0.0794230389   0.0072992254   0.0022189730  -0.0001673729   0.0072450748
        0.0022238382   0.0001139716  -0.0027773437   0.0005804825   0.0000204078
        0.0001022151   0.0000129338   0.5362173921   0.0003327923  -0.0000185908
       -0.0738250308   0.0000546905   0.0001833375   0.0059288687   0.0001045903
        0.0001324353   0.0007428487   0.0000123693   0.0000625931  -0.0641892239
        0.0797211470   0.0720857825  -0.2079028699  -0.0804580996  -0.0724654242
       -0.2060603133   0.0196711624  -0.0009823650   0.0006068097  -0.0195807296
        0.0009706332   0.0007608344   0.0000398622   0.0000186645   0.0077206842
       -0.1636333911   0.0038600409   0.0003327923   0.4527466882  -0.0975026717
        0.0004809851   0.0049902708   0.0213426463  -0.0000390108  -0.0808450183
       -0.0402775905   0.0001368454  -0.0213571039   0.0336489203  -0.0000022802
       -0.0135192891  -0.0001945965   0.0024328604  -0.0136690062  -0.0002141144
       -0.0023257761  -0.0801362580   0.0392146482   0.0803850098  -0.0812978216
        0.0395046693  -0.0814361713  -0.0032790709   0.0006180482   0.0000347454
       -0.0028573895  -0.0554569286  -0.0000185908  -0.0975026717   0.4131260703
        0.0004663742   0.0255226454  -0.0545565588   0.0000164108  -0.0178900430
       -0.1426650690   0.0002023182   0.0236826929  -0.0181607867  -0.0000386657
       -0.0070776519   0.0022918946   0.0001378201  -0.0071739849   0.0022893556
       -0.0000989599   0.0400662169  -0.0739354934  -0.0803245691   0.0404175465
       -0.0734817108   0.0796561519   0.0028126392   0.0005492268   0.0000017103
        0.0003456993  -0.0000507285  -0.0738250308   0.0004809851   0.0004663742
        0.5362132516  -0.0000845090   0.0000444373   0.0059284894   0.0001088685
        0.0002487943  -0.0641855407   0.0000305739  -0.0000556483   0.0007431476
        0.0197076686   0.0007938353   0.0006042705  -0.0195611432  -0.0007957263
        0.0007639472   0.0788902949  -0.0733511033  -0.2073147435  -0.0799457639
        0.0726819770  -0.2066475556   0.0000273258   0.0000177884   0.0077197642
        0.0045514089  -0.0260687570   0.0000546905   0.0049902708   0.0255226454
       -0.0000845090   0.7086970663   0.0003543335  -0.0018277341  -0.3371297391
        0.1725213915   0.0006180905  -0.3400827592  -0.1711052700   0.0012383911
       -0.0027305029  -0.0004416222   0.0002537110  -0.0027194247  -0.0004652330
       -0.0002471120  -0.0027318488   0.0004210738   0.0002693213  -0.0027374432
        0.0004468766  -0.0002425638  -0.0301070281  -0.0011854385  -0.0000322856
       -0.0218900080  -0.0541166776   0.0001833375   0.0213426463  -0.0545565588
        0.0000444373   0.0003543335   0.7892804010  -0.0013717585   0.1490192534
       -0.1881410207  -0.0002197617  -0.1476024645  -0.1851711766   0.0007028952
        0.0015074500  -0.0048736530  -0.0005958203   0.0015144034  -0.0048833485
        0.0006024472  -0.0015298327  -0.0048672289   0.0006088419  -0.0015318302
       -0.0048705274  -0.0005844993  -0.0011839511  -0.2878002096   0.0006298806
        0.0000526641   0.0002146649   0.0059288687  -0.0000390108   0.0000164108
        0.0059284894  -0.0018277341  -0.0013717585   0.1454400900   0.0006266476
       -0.0002901718  -0.0584648470   0.0011845585   0.0007913457  -0.0584716357
       -0.0005301830   0.0020745951  -0.0000045979   0.0005415402  -0.0020492030
       -0.0000012391  -0.0005452845  -0.0020498816  -0.0000000792   0.0005659181
        0.0020639793  -0.0000081413  -0.0000291162   0.0006000192  -0.0403469080
       -0.0218871557  -0.0236478802   0.0001045903  -0.0808450183  -0.0178900430
        0.0001088685  -0.3371297391   0.1490192534   0.0006266476   0.5833560111
       -0.1249118432  -0.0013640471  -0.1460606773  -0.0094314874   0.0005554157
       -0.0016429458   0.0014794634  -0.0017296289  -0.0016524431   0.0014946622
        0.0017370485   0.0051580016   0.0104690295  -0.0005778196   0.0051933853
        0.0106434428   0.0005249494  -0.0044894187   0.0027754024   0.0000139754
       -0.0336140585  -0.0176297692   0.0001324353  -0.0402775905  -0.1426650690
        0.0002487943   0.1725213915  -0.1881410207  -0.0002901718  -0.1249118432
        0.4138258252  -0.0001935152   0.0108133533   0.0029897131   0.0000339342
       -0.0037618932  -0.0008650153  -0.0011901956  -0.0037617987  -0.0008618993
        0.0012224044  -0.0025735626  -0.0251287591  -0.0046105969  -0.0025291198
       -0.0250156001   0.0047072301   0.0280951216  -0.0165084056  -0.0000603188
        0.0001306650   0.0001140537   0.0007428487   0.0001368454   0.0002023182
       -0.0641855407   0.0006180905  -0.0002197617  -0.0584648470  -0.0013640471
       -0.0001935152   0.0835158206   0.0005101415   0.0000804893   0.0344596911
        0.0012921544  -0.0001819787  -0.0005780340  -0.0012710777   0.0001706512
       -0.0005832126  -0.0048855536  -0.0246596447   0.0027160369   0.0048781244
        0.0246641235   0.0025854000  -0.0000453428   0.0000232644  -0.0002081630
       -0.0803120797   0.0173122573   0.0000123693  -0.0213571039   0.0236826929
        0.0000305739  -0.3400827592  -0.1476024645   0.0011845585  -0.1460606773
        0.0108133533   0.0005101415   0.5856437231   0.1233101770  -0.0018038244
        0.0050853444  -0.0107489351  -0.0004894520   0.0051130919  -0.0109222357
        0.0005277637  -0.0016248836  -0.0014782390  -0.0017165579  -0.0016283182
       -0.0014818847   0.0017275440  -0.0047763374  -0.0028847216   0.0000168834
        0.0397001688  -0.1431966566   0.0000625931   0.0336489203  -0.0181607867
       -0.0000556483  -0.1711052700  -0.1851711766   0.0007913457  -0.0094314874
        0.0029897131   0.0000804893   0.1233101770   0.4115228690  -0.0010853199
        0.0022767729  -0.0249417143   0.0047248932   0.0022680178  -0.0250489735
       -0.0046027801   0.0037736252  -0.0008815267   0.0012065590   0.0037643613
       -0.0008879126  -0.0012380413  -0.0282052859  -0.0162238350   0.0001159092
       -0.0000304649   0.0001169542  -0.0641892239  -0.0000022802  -0.0000386657
        0.0007431476   0.0012383911   0.0007028952  -0.0584716357   0.0005554157
        0.0000339342   0.0344596911  -0.0018038244  -0.0010853199   0.0835314065
       -0.0046669316   0.0248130823   0.0025986519   0.0046414676  -0.0246005192
        0.0026981631   0.0012804947   0.0001707110  -0.0005821844  -0.0012871982
       -0.0001568788  -0.0005764597   0.0000749301   0.0000438067  -0.0002115565
       -0.0808711273  -0.0396903146   0.0797211470  -0.0135192891  -0.0070776519
        0.0197076686  -0.0027305029   0.0015074500  -0.0005301830  -0.0016429458
       -0.0037618932   0.0012921544   0.0050853444   0.0022767729  -0.0046669316
        0.0910025628   0.0449331683  -0.0889676895   0.0056344370   0.0031958118
       -0.0084307646  -0.0041334420  -0.0005526067   0.0003787151   0.0010492572
       -0.0005849268   0.0011800609   0.0001257055  -0.0002458098   0.0003158227
       -0.0388330217  -0.0726041011   0.0720857825  -0.0001945965   0.0022918946
        0.0007938353  -0.0004416222  -0.0048736530   0.0020745951   0.0014794634
       -0.0008650153  -0.0001819787  -0.0107489351  -0.0249417143   0.0248130823
        0.0449331683   0.0936209485  -0.0899112437   0.0031783041   0.0066364127
       -0.0079809642   0.0005950485   0.0002695440  -0.0001355336   0.0005830498
        0.0008356640  -0.0002249703  -0.0005508586  -0.0003699801  -0.0013326047
        0.0812769095   0.0790481543  -0.2079028699   0.0024328604   0.0001378201
        0.0006042705   0.0002537110  -0.0005958203  -0.0000045979  -0.0017296289
       -0.0011901956  -0.0005780340  -0.0004894520   0.0047248932   0.0025986519
       -0.0889676895  -0.0899112437   0.2287690232   0.0081920942   0.0078064843
       -0.0255399745   0.0003776884   0.0001326384   0.0003981735  -0.0011773957
       -0.0002090364   0.0015956074  -0.0001690974   0.0000563056   0.0000597496
       -0.0820351649  -0.0406544036  -0.0804580996  -0.0136690062  -0.0071739849
       -0.0195611432  -0.0027194247   0.0015144034   0.0005415402  -0.0016524431
       -0.0037617987  -0.0012710777   0.0051130919   0.0022680178   0.0046414676
        0.0056344370   0.0031783041   0.0081920942   0.0922895603   0.0460200078
        0.0897481212   0.0010487835  -0.0005898541  -0.0011731712  -0.0041332871
       -0.0005534871  -0.0003440925   0.0001234531  -0.0002472048  -0.0003156391
       -0.0397469562  -0.0733395429  -0.0724654242  -0.0002141144   0.0022893556
       -0.0007957263  -0.0004652330  -0.0048833485  -0.0020492030   0.0014946622
       -0.0008618993   0.0001706512  -0.0109222357  -0.0250489735  -0.0246005192
        0.0031958118   0.0066364127   0.0078064843   0.0460200078   0.0944695378
        0.0902421968   0.0005877619   0.0008373585   0.0002227700   0.0005928839
        0.0002674231   0.0001310419  -0.0005425884  -0.0003663235   0.0013377286
       -0.0820161767  -0.0794230389  -0.2060603133  -0.0023257761  -0.0000989599
        0.0007639472  -0.0002471120   0.0006024472  -0.0000012391   0.0017370485
        0.0012224044  -0.0005832126   0.0005277637  -0.0046027801   0.0026981631
       -0.0084307646  -0.0079809642  -0.0255399745   0.0897481212   0.0902421968
        0.2266717371   0.0011799218   0.0002172555   0.0015936068  -0.0003475336
       -0.0001275525   0.0004014163   0.0001745078  -0.0000510085   0.0000558689
       -0.0134514795   0.0072992254   0.0196711624  -0.0801362580   0.0400662169
        0.0788902949  -0.0027318488  -0.0015298327  -0.0005452845   0.0051580016
       -0.0025735626  -0.0048855536  -0.0016248836   0.0037736252   0.0012804947
       -0.0041334420   0.0005950485   0.0003776884   0.0010487835   0.0005877619
        0.0011799218   0.0901645764  -0.0452428737  -0.0879508220   0.0055755765
       -0.0032184890  -0.0083451623   0.0001309738   0.0002428800   0.0003272603
        0.0003504085   0.0022189730  -0.0009823650   0.0392146482  -0.0739354934
       -0.0733511033   0.0004210738  -0.0048672289  -0.0020498816   0.0104690295
       -0.0251287591  -0.0246596447  -0.0014782390  -0.0008815267   0.0001707110
       -0.0005526067   0.0002695440   0.0001326384  -0.0005898541   0.0008373585
        0.0002172555  -0.0452428737   0.0951639178   0.0912584265  -0.0031367049
        0.0066956212   0.0079327703   0.0005451184  -0.0003724064   0.0013311929
        0.0024296829  -0.0001673729   0.0006068097   0.0803850098  -0.0803245691
       -0.2073147435   0.0002693213   0.0006088419  -0.0000000792  -0.0005778196
       -0.0046105969   0.0027160369  -0.0017165579   0.0012065590  -0.0005821844
        0.0003787151  -0.0001355336   0.0003981735  -0.0011731712   0.0002227700
        0.0015936068  -0.0879508220   0.0912584265   0.2280683706   0.0081307232
       -0.0080074491  -0.0255404243  -0.0001750817  -0.0000510757   0.0000544337
       -0.0135985532   0.0072450748  -0.0195807296  -0.0812978216   0.0404175465
       -0.0799457639  -0.0027374432  -0.0015318302   0.0005659181   0.0051933853
       -0.0025291198   0.0048781244  -0.0016283182   0.0037643613  -0.0012871982
        0.0010492572   0.0005830498  -0.0011773957  -0.0041332871   0.0005928839
       -0.0003475336   0.0055755765  -0.0031367049   0.0081307232   0.0914444693
       -0.0456463814   0.0890924897   0.0001327350   0.0002411201  -0.0003286344
        0.0003511307   0.0022238382   0.0009706332   0.0395046693  -0.0734817108
        0.0726819770   0.0004468766  -0.0048705274   0.0020639793   0.0106434428
       -0.0250156001   0.0246641235  -0.0014818847  -0.0008879126  -0.0001568788
       -0.0005849268   0.0008356640  -0.0002090364  -0.0005534871   0.0002674231
       -0.0001275525  -0.0032184890   0.0066956212  -0.0080074491  -0.0456463814
        0.0946112709  -0.0905466781   0.0005390496  -0.0003780663  -0.0013331181
       -0.0023265804   0.0001139716   0.0007608344  -0.0814361713   0.0796561519
       -0.2066475556  -0.0002425638  -0.0005844993  -0.0000081413   0.0005249494
        0.0047072301   0.0025854000   0.0017275440  -0.0012380413  -0.0005764597
        0.0011800609  -0.0002249703   0.0015956074  -0.0003440925   0.0001310419
        0.0004014163  -0.0083451623   0.0079327703  -0.0255404243   0.0890924897
       -0.0905466781   0.2273693045   0.0001695264   0.0000530233   0.0000600181
       -0.0033103353  -0.0027773437   0.0000398622  -0.0032790709   0.0028126392
        0.0000273258  -0.0301070281  -0.0011839511  -0.0000291162  -0.0044894187
        0.0280951216  -0.0000453428  -0.0047763374  -0.0282052859   0.0000749301
        0.0001257055  -0.0005508586  -0.0001690974   0.0001234531  -0.0005425884
        0.0001745078   0.0001309738   0.0005451184  -0.0001750817   0.0001327350
        0.0005390496   0.0001695264   0.0454493230   0.0012680988  -0.0000675143
       -0.0005823748   0.0005804825   0.0000186645   0.0006180482   0.0005492268
        0.0000177884  -0.0011854385  -0.2878002096   0.0006000192   0.0027754024
       -0.0165084056   0.0000232644  -0.0028847216  -0.0162238350   0.0000438067
       -0.0002458098  -0.0003699801   0.0000563056  -0.0002472048  -0.0003663235
       -0.0000510085   0.0002428800  -0.0003724064  -0.0000510757   0.0002411201
       -0.0003780663   0.0000530233   0.0012680988   0.3208895174  -0.0007107878
        0.0000353861   0.0000204078   0.0077206842   0.0000347454   0.0000017103
        0.0077197642  -0.0000322856   0.0006298806  -0.0403469080   0.0000139754
       -0.0000603188  -0.0002081630   0.0000168834   0.0001159092  -0.0002115565
        0.0003158227  -0.0013326047   0.0000597496  -0.0003156391   0.0013377286
        0.0000558689   0.0003272603   0.0013311929   0.0000544337  -0.0003286344
       -0.0013331181   0.0000600181  -0.0000675143  -0.0007107878   0.0250961087
