           1           2   1.0016369548759849     
           2           4  0.90097011656418013     
           3           4   1.4403989472930590     
           1           5  0.90097125085754104     
           3           5   1.4403900878187792     
           4           5  0.18145098332315623     
           1           6  0.95017953842544001     
           1           7  0.95018539308588712     
           2           8  0.95017578775952893     
           2           9  0.95018808281601164     
           3          10  0.90748628204783122     
