$hessian                                                                        
        0.4926404147  -0.0384165980  -0.0027330566  -0.0814054748  -0.0450786175
       -0.0406959551   0.0059942033   0.0101846699   0.0110527099  -0.0400870173
        0.0020208979   0.0090344907  -0.0894688452   0.0913130402  -0.0287890070
       -0.2664079449   0.0004234578   0.0665530147  -0.0162908490  -0.0195984979
       -0.0090810087  -0.0049744868  -0.0008483524  -0.0053411879
       -0.0384165980   0.4851380065  -0.0301119902  -0.0431494087  -0.1155073315
       -0.0388129218  -0.0082648957  -0.0551966113  -0.0095523831   0.0007490030
       -0.0455976871   0.0243524107   0.0920042937  -0.2215542910   0.0586264192
        0.0032186198  -0.0437315632   0.0001715943  -0.0046477330  -0.0026833185
       -0.0010871009  -0.0014932811  -0.0008672039  -0.0035860282
       -0.0027330566  -0.0301119902   0.4887336426  -0.0406119700  -0.0402810814
       -0.0664825503   0.0098234071   0.0046652469   0.0004108305   0.0056836341
        0.0208447853  -0.2846571087  -0.0287504448   0.0580877432  -0.0620893312
        0.0700186153   0.0025205964  -0.0601698776  -0.0025650842   0.0040189301
       -0.0012907833  -0.0108651010  -0.0197442304  -0.0144548220
       -0.0814054748  -0.0431494087  -0.0406119700   0.3587273024  -0.0003140429
        0.0461761183  -0.0680198345   0.0684312525  -0.0380804717  -0.0031411416
       -0.0030007011  -0.0045714626   0.0048461895   0.0090459608   0.0051300868
       -0.0169304052  -0.0208891619  -0.0098477744  -0.1794815028   0.0019854007
        0.0364441532  -0.0145951331  -0.0121092993   0.0053613204
       -0.0450786175  -0.1155073315  -0.0402810814  -0.0003140429   0.4949556057
        0.0128991968   0.0937317474  -0.3055280949   0.0527359586  -0.0003045361
        0.0005126067  -0.0031395565  -0.0104857184  -0.0209139825  -0.0094090651
       -0.0041963804  -0.0013086712  -0.0001555205  -0.0200538306  -0.0251870578
       -0.0098178185  -0.0132986214  -0.0270230743  -0.0028321133
       -0.0406959551  -0.0388129218  -0.0664825503   0.0461761183   0.0128991968
        0.3351115287  -0.0363454320   0.0332037784  -0.0385542370  -0.0121955636
       -0.0204605676  -0.0151932839   0.0038088690   0.0056194488   0.0022935585
       -0.0009402552   0.0022549726   0.0004331673   0.0485320175  -0.0132280340
       -0.0274209141  -0.0083397987   0.0185241268  -0.1901872692
        0.0059942033  -0.0082648957   0.0098234071  -0.0680198345   0.0937317474
       -0.0363454320   0.0899668185  -0.1316308066   0.0453958930   0.0013586621
        0.0010758377   0.0014289842   0.0000623349  -0.0029129529  -0.0012476591
        0.0006319992  -0.0002071658  -0.0007351786  -0.0218663756   0.0332084726
       -0.0057598001  -0.0081278078   0.0149997634  -0.0125602143
        0.0101846699  -0.0551966113   0.0046652469   0.0684312525  -0.3055280949
        0.0332037784  -0.1316308066   0.4138224762  -0.0751885494   0.0010814800
        0.0017530338   0.0011122585  -0.0042955344  -0.0090585309  -0.0040077795
        0.0011402956   0.0016423730   0.0007491187   0.0364086071  -0.0221076748
        0.0077668613   0.0186800359  -0.0253269710   0.0316990651
        0.0110527099  -0.0095523831   0.0004108305  -0.0380804717   0.0527359586
       -0.0385542370   0.0453958930  -0.0751885494   0.0496721779  -0.0008298517
       -0.0004847365   0.0005079910  -0.0013419223  -0.0029544871   0.0001930963
        0.0016214842   0.0013039240   0.0013274112  -0.0074711117   0.0046211399
       -0.0014987911  -0.0103467296   0.0295191337  -0.0120584788
       -0.0400870173   0.0007490030   0.0056836341  -0.0031411416  -0.0003045361
       -0.0121955636   0.0013586621   0.0010814800  -0.0008298517   0.0464049910
        0.0014323179  -0.0080582973   0.0005321638   0.0028101260  -0.0146858345
       -0.0040507800  -0.0029349963   0.0327858828  -0.0007649784  -0.0000591427
       -0.0011220747  -0.0002518997  -0.0027742518  -0.0015778952
        0.0020208979  -0.0455976871   0.0208447853  -0.0030007011   0.0005126067
       -0.0204605676   0.0010758377   0.0017530338  -0.0004847365   0.0014323179
        0.0485293130  -0.0259778350   0.0002037752  -0.0044491097   0.0286974306
        0.0005543835   0.0019021433   0.0001331841  -0.0009081514   0.0004654959
       -0.0008531857  -0.0013783597  -0.0031157959  -0.0018990752
        0.0090344907   0.0243524107  -0.2846571087  -0.0045714626  -0.0031395565
       -0.0151932839   0.0014289842   0.0011122585   0.0005079910  -0.0080582973
       -0.0259778350   0.3265960641  -0.0002780326   0.0037677834  -0.0121576044
        0.0042437691   0.0021443740  -0.0139326039  -0.0004716909   0.0004936325
       -0.0005251939  -0.0013277606  -0.0027530676  -0.0006382603
       -0.0894688452   0.0920042937  -0.0287504448   0.0048461895  -0.0104857184
        0.0038088690   0.0000623349  -0.0042955344  -0.0013419223   0.0005321638
        0.0002037752  -0.0002780326   0.1002829655  -0.1046325439   0.0345021172
       -0.0171178753   0.0277423830  -0.0082371433   0.0005992900  -0.0005429305
        0.0000800714   0.0002637767   0.0000062756   0.0002164854
        0.0913130402  -0.2215542910   0.0580877432   0.0090459608  -0.0209139825
        0.0056194488  -0.0029129529  -0.0090585309  -0.0029544871   0.0028101260
       -0.0044491097   0.0037677834  -0.1046325439   0.2575086181  -0.0660501002
        0.0031530642  -0.0018402715   0.0005935898   0.0004955029   0.0001198696
        0.0006282400   0.0007278028   0.0001876980   0.0003077822
       -0.0287890070   0.0586264192  -0.0620893312   0.0051300868  -0.0094090651
        0.0022935585  -0.0012476591  -0.0040077795   0.0001930963  -0.0146858345
        0.0286974306  -0.0121576044   0.0345021172  -0.0660501002   0.0681509502
        0.0046727167  -0.0074389016   0.0028840890   0.0001577053   0.0001582652
        0.0002299740   0.0002598746  -0.0005762686   0.0004952676
       -0.2664079449   0.0032186198   0.0700186153  -0.0169304052  -0.0041963804
       -0.0009402552   0.0006319992   0.0011402956   0.0016214842  -0.0040507800
        0.0005543835   0.0042437691  -0.0171178753   0.0031530642   0.0046727167
        0.3057584285  -0.0011309908  -0.0780208447  -0.0009886003  -0.0031436161
       -0.0012466238  -0.0008948220   0.0004046242  -0.0003488617
        0.0004234578  -0.0437315632   0.0025205964  -0.0208891619  -0.0013086712
        0.0022549726  -0.0002071658   0.0016423730   0.0013039240  -0.0029349963
        0.0019021433   0.0021443740   0.0277423830  -0.0018402715  -0.0074389016
       -0.0011309908   0.0460310801   0.0010442007  -0.0019425067  -0.0031933265
       -0.0012147526  -0.0010610192   0.0004982360  -0.0006144135
        0.0665530147   0.0001715943  -0.0601698776  -0.0098477744  -0.0001555205
        0.0004331673  -0.0007351786   0.0007491187   0.0013274112   0.0327858828
        0.0001331841  -0.0139326039  -0.0082371433   0.0005935898   0.0028840890
       -0.0780208447   0.0010442007   0.0697150948  -0.0013303739  -0.0023556517
        0.0001660594  -0.0011675826  -0.0001805152  -0.0004233403
       -0.0162908490  -0.0046477330  -0.0025650842  -0.1794815028  -0.0200538306
        0.0485320175  -0.0218663756   0.0364086071  -0.0074711117  -0.0007649784
       -0.0009081514  -0.0004716909   0.0005992900   0.0004955029   0.0001577053
       -0.0009886003  -0.0019425067  -0.0013303739   0.2254163598  -0.0086356358
       -0.0476981764  -0.0066233436  -0.0007162525   0.0108467143
       -0.0195984979  -0.0026833185   0.0040189301   0.0019854007  -0.0251870578
       -0.0132280340   0.0332084726  -0.0221076748   0.0046211399  -0.0000591427
        0.0004654959   0.0004936325  -0.0005429305   0.0001198696   0.0001582652
       -0.0031436161  -0.0031933265  -0.0023556517  -0.0086356358   0.0472756122
        0.0044494285  -0.0032140503   0.0053103999   0.0018422895
       -0.0090810087  -0.0010871009  -0.0012907833   0.0364441532  -0.0098178185
       -0.0274209141  -0.0057598001   0.0077668613  -0.0014987911  -0.0011220747
       -0.0008531857  -0.0005251939   0.0000800714   0.0006282400   0.0002299740
       -0.0012466238  -0.0012147526   0.0001660594  -0.0476981764   0.0044494285
        0.0473799933   0.0283834590   0.0001283279  -0.0170403443
       -0.0049744868  -0.0014932811  -0.0108651010  -0.0145951331  -0.0132986214
       -0.0083397987  -0.0081278078   0.0186800359  -0.0103467296  -0.0002518997
       -0.0013783597  -0.0013277606   0.0002637767   0.0007278028   0.0002598746
       -0.0008948220  -0.0010610192  -0.0011675826  -0.0066233436  -0.0032140503
        0.0283834590   0.0352037163   0.0010374929   0.0034036389
       -0.0008483524  -0.0008672039  -0.0197442304  -0.0121092993  -0.0270230743
        0.0185241268   0.0149997634  -0.0253269710   0.0295191337  -0.0027742518
       -0.0031157959  -0.0027530676   0.0000062756   0.0001876980  -0.0005762686
        0.0004046242   0.0004982360  -0.0001805152  -0.0007162525   0.0053103999
        0.0001283279   0.0010374929   0.0503367112  -0.0249175066
       -0.0053411879  -0.0035860282  -0.0144548220   0.0053613204  -0.0028321133
       -0.1901872692  -0.0125602143   0.0316990651  -0.0120584788  -0.0015778952
       -0.0018990752  -0.0006382603   0.0002164854   0.0003077822   0.0004952676
       -0.0003488617  -0.0006144135  -0.0004233403   0.0108467143   0.0018422895
       -0.0170403443   0.0034036389  -0.0249175066   0.2343072473
