$hessian                                                                        
        0.4718875665  -0.0333037166  -0.0177687220  -0.0874252628   0.0610485395
       -0.0504696016   0.0085428312   0.0010777077  -0.0022246175  -0.0374874715
        0.0242327850   0.0011275070  -0.0042347014   0.0003301513   0.0011121103
       -0.0689857937  -0.0280832316  -0.0567682005  -0.1886901081   0.0632366783
        0.1003606573  -0.0875093856  -0.0907232834   0.0376271737  -0.0003798416
       -0.0041297607  -0.0006492714  -0.0036041795   0.0050128262  -0.0112679226
       -0.0021136534   0.0013013042  -0.0010791126
       -0.0333037166   0.4451531865   0.0045649779   0.0612680569  -0.0944863467
        0.0653207582   0.0019536010  -0.0017465053   0.0004403965   0.0227180489
       -0.0223996640   0.0017843761  -0.0040599226   0.0011133203   0.0010578858
       -0.0307563035  -0.0891709567  -0.0854408969   0.0650387226  -0.0622996452
       -0.0488782881  -0.0867207426  -0.1625840695   0.0610494324   0.0052747067
       -0.0186704748   0.0090861951   0.0015069563   0.0043425243  -0.0084032678
       -0.0029194070   0.0007486311  -0.0005815691
       -0.0177687220   0.0045649779   0.4887155431  -0.0520612573   0.0690143809
       -0.1077883739  -0.0273805455   0.0002464627   0.0106351135   0.0289273326
       -0.0151002504   0.0032652983   0.0070494391  -0.0017790253  -0.0021634068
       -0.0586297479  -0.0947463556  -0.1950479148   0.1026558546  -0.0400222722
       -0.1176973674   0.0314295635   0.0585546658  -0.0414916100  -0.0065797830
        0.0068526897  -0.0117683463  -0.0106384171   0.0145955051  -0.0233462154
        0.0029962829  -0.0021807787  -0.0033127203
       -0.0874252628   0.0612680569  -0.0520612573   0.4050708717   0.0121297551
        0.0404829639  -0.0775228438  -0.0119315932   0.0264131436  -0.0839831570
        0.0412154166   0.0236432702   0.0065071280   0.0072566805  -0.0028275404
       -0.0039949123   0.0023650016  -0.0106403219  -0.0139739896   0.0160420022
       -0.0066306129  -0.0012286071  -0.0017767512   0.0019239201  -0.0793631000
       -0.0917114090   0.0317302907  -0.0651921547  -0.0294035012  -0.0558175482
        0.0011060274  -0.0054536583   0.0037836922
        0.0610485395  -0.0944863467   0.0690143809   0.0121297551   0.4431625379
       -0.0100449311  -0.0063444935   0.0010641934   0.0003472821   0.0459124856
       -0.0874833874  -0.0452878041  -0.0031702863   0.0080072423   0.0054430553
       -0.0013853484   0.0054747359  -0.0092742552   0.0080617217  -0.0127861266
        0.0060964671   0.0063925495  -0.0193927087   0.0060444099  -0.0826595458
       -0.1628223323   0.0527337572  -0.0403444084  -0.0815588385  -0.0768675765
        0.0003590311   0.0008210308   0.0017952143
       -0.0504696016   0.0653207582  -0.1077883739   0.0404829639  -0.0100449311
        0.4495752197   0.0674974844   0.0175078419  -0.0187085605   0.0060635633
       -0.0372199510  -0.0823543404  -0.0126223822  -0.0033651922  -0.0017153673
       -0.0155351987   0.0174284724  -0.0224072382   0.0060976821  -0.0136164006
        0.0036307574  -0.0027922035   0.0039847311  -0.0132273667   0.0287622783
        0.0450391212  -0.0378950398  -0.0648539636  -0.0864775104  -0.1782858978
       -0.0026306222   0.0014430604   0.0091762075
        0.0085428312   0.0019536010  -0.0273805455  -0.0775228438  -0.0063444935
        0.0674974844   0.3516883682   0.1156328754  -0.0333360119  -0.1346840899
       -0.1073956542  -0.0171015166  -0.0459700048  -0.0880547454  -0.0364279271
       -0.0030897333  -0.0037377441   0.0082262478   0.0022654964   0.0049971934
        0.0021913647  -0.0073257256   0.0057258616   0.0085098060  -0.0014898728
        0.0048854359  -0.0056551850   0.0031146362   0.0056330949  -0.0120833926
       -0.0955290618   0.0667045751   0.0455596757
        0.0010777077  -0.0017465053   0.0002464627  -0.0119315932   0.0010641934
        0.0175078419   0.1156328754   0.8130637939   0.2079513947  -0.0763383387
       -0.1071192849   0.0045073875  -0.1026002442  -0.6423283086  -0.1854992830
       -0.0011918469   0.0013244538  -0.0018592456  -0.0001660681  -0.0007057869
        0.0000525369   0.0070949567   0.0001809977  -0.0011912861  -0.0042353628
        0.0024629932  -0.0013387997   0.0041478385   0.0024373265  -0.0039535338
        0.0685100756  -0.0686338730  -0.0364234754
       -0.0022246175   0.0004403965   0.0106351135   0.0264131436   0.0003472821
       -0.0187085605  -0.0333360119   0.2079513947   0.2474528384  -0.0011908375
        0.0189766498  -0.0453540024  -0.0412612655  -0.1877132550  -0.1158242339
       -0.0009537724   0.0015061727  -0.0035989714  -0.0011191439  -0.0022901966
       -0.0004492055   0.0026726416  -0.0013439742  -0.0036730772   0.0022009780
       -0.0012298072   0.0016420991   0.0019369796  -0.0009445486   0.0034191723
        0.0468619058  -0.0357001141  -0.0755411724
       -0.0374874715   0.0227180489   0.0289273326  -0.0839831570   0.0459124856
        0.0060635633  -0.1346840899  -0.0763383387  -0.0011908375   0.3840797758
        0.0879855474  -0.0748051722  -0.0467877269  -0.0721020533   0.0007634004
        0.0014869509   0.0022637419  -0.0038190933  -0.0052700717   0.0000134255
       -0.0058464427   0.0034084475  -0.0054404415  -0.0052294317  -0.0278112840
        0.0021970299   0.0229356265  -0.0052306624  -0.0003200054   0.0159159047
       -0.0477207108  -0.0068894403   0.0162851500
        0.0242327850  -0.0223996640  -0.0151002504   0.0412154166  -0.0874833874
       -0.0372199510  -0.1073956542  -0.1071192849   0.0189766498   0.0879855474
        0.3103873423   0.0574920455  -0.0559688955  -0.0852994246  -0.0197993861
       -0.0007510210  -0.0008108955   0.0010851355   0.0040749272   0.0008000941
        0.0042233121  -0.0013312781   0.0015733365   0.0026383892  -0.0128420380
        0.0026651487   0.0060684431   0.0159032410  -0.0098291351  -0.0148383426
        0.0048769696  -0.0024841303  -0.0035260452
        0.0011275070   0.0017843761   0.0032652983   0.0236432702  -0.0452878041
       -0.0823543404  -0.0171015166   0.0045073875  -0.0453540024  -0.0748051722
        0.0574920455   0.1425282787   0.0071447779  -0.0127879074   0.0158618468
        0.0022430043  -0.0018742079   0.0022120284   0.0001717090   0.0060137819
        0.0025467756  -0.0044916199   0.0045083507   0.0019224981   0.0152919603
       -0.0023615103  -0.0101125175   0.0255201517  -0.0134959468  -0.0232390199
        0.0212559285   0.0015014348  -0.0072768457
       -0.0042347014  -0.0040599226   0.0070494391   0.0065071280  -0.0031702863
       -0.0126223822  -0.0459700048  -0.1026002442  -0.0412612655  -0.0467877269
       -0.0559688955   0.0071447779   0.0910632065   0.1534424195   0.0302087059
       -0.0002178873   0.0009486829  -0.0022800298  -0.0018839161  -0.0008024105
       -0.0005230325   0.0033411797  -0.0003675364  -0.0008127008  -0.0014419194
       -0.0013140423  -0.0002554250  -0.0016360601  -0.0020721907   0.0018754842
        0.0012607020   0.0159644262   0.0114764287
        0.0003301513   0.0011133203  -0.0017790253   0.0072566805   0.0080072423
       -0.0033651922  -0.0880547454  -0.6423283086  -0.1877132550  -0.0721020533
       -0.0852994246  -0.0127879074   0.1534424195   0.7710477047   0.2251224719
        0.0000632368  -0.0003831802   0.0017114735   0.0009409196   0.0003580860
       -0.0001360342  -0.0028040747  -0.0014922569   0.0013588582   0.0019233481
       -0.0016847344  -0.0011301974  -0.0018517309  -0.0022829356   0.0020756895
        0.0008558483  -0.0470555129  -0.0233568816
        0.0011121103   0.0010578858  -0.0021634068  -0.0028275404   0.0054430553
       -0.0017153673  -0.0364279271  -0.1854992830  -0.1158242339   0.0007634004
       -0.0197993861   0.0158618468   0.0302087059   0.2251224719   0.1037770227
       -0.0000952111  -0.0015921653   0.0016365569   0.0008288677   0.0010401307
        0.0001496042  -0.0012740857   0.0001013225  -0.0012427313   0.0023555011
        0.0010332361   0.0013402505   0.0008895857   0.0016407605  -0.0014613526
        0.0044665931  -0.0285480284  -0.0003581893
       -0.0689857937  -0.0307563035  -0.0586297479  -0.0039949123  -0.0013853484
       -0.0155351987  -0.0030897333  -0.0011918469  -0.0009537724   0.0014869509
       -0.0007510210   0.0022430043  -0.0002178873   0.0000632368  -0.0000952111
        0.0751492749   0.0376474257   0.0724735166   0.0060791770   0.0079887839
        0.0172538286  -0.0039484207  -0.0137937596  -0.0117228389  -0.0013040547
        0.0001124356  -0.0007741350  -0.0001560841   0.0018749813  -0.0023008068
       -0.0010185165   0.0001914161  -0.0019586388
       -0.0280832316  -0.0891709567  -0.0947463556   0.0023650016   0.0054747359
        0.0174284724  -0.0037377441   0.0013244538   0.0015061727   0.0022637419
       -0.0008108955  -0.0018742079   0.0009486829  -0.0003831802  -0.0015921653
        0.0376474257   0.1052873820   0.1017953934  -0.0022256984  -0.0043158278
       -0.0087439386  -0.0141846627  -0.0154477242  -0.0185738135   0.0019054786
       -0.0005788594   0.0026045353   0.0022603130  -0.0005368811   0.0014586915
        0.0008406933  -0.0008422466   0.0007372155
       -0.0567682005  -0.0854408969  -0.1950479148  -0.0106403219  -0.0092742552
       -0.0224072382   0.0082262478  -0.0018592456  -0.0035989714  -0.0038190933
        0.0010851355   0.0022120284  -0.0022800298   0.0017114735   0.0016365569
        0.0724735166   0.1017953934   0.2345812917  -0.0036401268  -0.0102687490
       -0.0151025988   0.0008310549  -0.0018431134  -0.0012129062   0.0000292742
        0.0006890594  -0.0010477336  -0.0038564056   0.0022665977  -0.0013255076
       -0.0005559157   0.0011386007   0.0013129936
       -0.1886901081   0.0650387226   0.1026558546  -0.0139739896   0.0080617217
        0.0060976821   0.0022654964  -0.0001660681  -0.0011191439  -0.0052700717
        0.0040749272   0.0001717090  -0.0018839161   0.0009409196   0.0008288677
        0.0060791770  -0.0022256984  -0.0036401268   0.2189421625  -0.0779173202
       -0.1172415230  -0.0148785525   0.0011864322   0.0115465991  -0.0008319979
        0.0001744689  -0.0003078990  -0.0009121492  -0.0002194939   0.0007109155
       -0.0008460509   0.0010513884   0.0002970647
        0.0632366783  -0.0622996452  -0.0400222722   0.0160420022  -0.0127861266
       -0.0136164006   0.0049971934  -0.0007057869  -0.0022901966   0.0000134255
        0.0008000941   0.0060137819  -0.0008024105   0.0003580860   0.0010401307
        0.0079887839  -0.0043158278  -0.0102687490  -0.0779173202   0.0787811930
        0.0494977728  -0.0145859496   0.0009514538   0.0076194303   0.0017283553
       -0.0017126016   0.0006248569  -0.0018007822  -0.0008952208   0.0020211071
        0.0011000240   0.0018243819  -0.0006194612
        0.1003606573  -0.0488782881  -0.1176973674  -0.0066306129   0.0060964671
        0.0036307574   0.0021913647   0.0000525369  -0.0004492055  -0.0058464427
        0.0042233121   0.0025467756  -0.0005230325  -0.0001360342   0.0001496042
        0.0172538286  -0.0087439386  -0.0151025988  -0.1172415230   0.0494977728
        0.1338943308   0.0129000939  -0.0033542794  -0.0072155597  -0.0015078090
        0.0005450761  -0.0011324811  -0.0015764168   0.0007034853   0.0005866974
        0.0006198923  -0.0000061102   0.0007890471
       -0.0875093856  -0.0867207426   0.0314295635  -0.0012286071   0.0063925495
       -0.0027922035  -0.0073257256   0.0070949567   0.0026726416   0.0034084475
       -0.0013312781  -0.0044916199   0.0033411797  -0.0028040747  -0.0012740857
       -0.0039484207  -0.0141846627   0.0008310549  -0.0148785525  -0.0145859496
        0.0129000939   0.1088310682   0.1042242105  -0.0389490389   0.0008881076
        0.0009780498   0.0006925578  -0.0015526604   0.0011346979  -0.0005558279
       -0.0000254511  -0.0001977567  -0.0004631358
       -0.0907232834  -0.1625840695   0.0585546658  -0.0017767512  -0.0193927087
        0.0039847311   0.0057258616   0.0001809977  -0.0013439742  -0.0054404415
        0.0015733365   0.0045083507  -0.0003675364  -0.0014922569   0.0001013225
       -0.0137937596  -0.0154477242  -0.0018431134   0.0011864322   0.0009514538
       -0.0033542794   0.1042242105   0.1994542814  -0.0653776605   0.0018804026
       -0.0025438029   0.0032490738  -0.0012204067  -0.0004230916   0.0018979086
        0.0003052719  -0.0002764156  -0.0003770251
        0.0376271737   0.0610494324  -0.0414916100   0.0019239201   0.0060444099
       -0.0132273667   0.0085098060  -0.0011912861  -0.0036730772  -0.0052294317
        0.0026383892   0.0019224981  -0.0008127008   0.0013588582  -0.0012427313
       -0.0117228389  -0.0185738135  -0.0012129062   0.0115465991   0.0076194303
       -0.0072155597  -0.0389490389  -0.0653776605   0.0623025747  -0.0001088953
        0.0040440358   0.0016747576  -0.0024980267   0.0024620200   0.0006383066
       -0.0002865664  -0.0000738155   0.0015251141
       -0.0003798416   0.0052747067  -0.0065797830  -0.0793631000  -0.0826595458
        0.0287622783  -0.0014898728  -0.0042353628   0.0022009780  -0.0278112840
       -0.0128420380   0.0152919603  -0.0014419194   0.0019233481   0.0023555011
       -0.0013040547   0.0019054786   0.0000292742  -0.0008319979   0.0017283553
       -0.0015078090   0.0008881076   0.0018804026  -0.0001088953   0.1185110314
        0.0991975036  -0.0397460864  -0.0043234620  -0.0121320687  -0.0009089665
       -0.0024536065  -0.0000407794   0.0002115484
       -0.0041297607  -0.0186704748   0.0068526897  -0.0917114090  -0.1628223323
        0.0450391212   0.0048854359   0.0024629932  -0.0012298072   0.0021970299
        0.0026651487  -0.0023615103  -0.0013140423  -0.0016847344   0.0010332361
        0.0001124356  -0.0005788594   0.0006890594   0.0001744689  -0.0017126016
        0.0005450761   0.0009780498  -0.0025438029   0.0040440358   0.0991975036
        0.1976328463  -0.0537208764  -0.0099392404  -0.0152039141  -0.0006768913
       -0.0004504714   0.0004557313  -0.0002141331
       -0.0006492714   0.0090861951  -0.0117683463   0.0317302907   0.0527337572
       -0.0378950398  -0.0056551850  -0.0013387997   0.0016420991   0.0229356265
        0.0060684431  -0.0101125175  -0.0002554250  -0.0011301974   0.0013402505
       -0.0007741350   0.0026045353  -0.0010477336  -0.0003078990   0.0006248569
       -0.0011324811   0.0006925578   0.0032490738   0.0016747576  -0.0397460864
       -0.0537208764   0.0594562553  -0.0093799831  -0.0186515581  -0.0001403685
        0.0014095098   0.0004745702  -0.0020168758
       -0.0036041795   0.0015069563  -0.0106384171  -0.0651921547  -0.0403444084
       -0.0648539636   0.0031146362   0.0041478385   0.0019369796  -0.0052306624
        0.0159032410   0.0255201517  -0.0016360601  -0.0018517309   0.0008895857
       -0.0001560841   0.0022603130  -0.0038564056  -0.0009121492  -0.0018007822
       -0.0015764168  -0.0015526604  -0.0012204067  -0.0024980267  -0.0043234620
       -0.0099392404  -0.0093799831   0.0804486975   0.0310339970   0.0633091739
       -0.0009559214   0.0003042227   0.0011473219
        0.0050128262   0.0043425243   0.0145955051  -0.0294035012  -0.0815588385
       -0.0864775104   0.0056330949   0.0024373265  -0.0009445486  -0.0003200054
       -0.0098291351  -0.0134959468  -0.0020721907  -0.0022829356   0.0016407605
        0.0018749813  -0.0005368811   0.0022665977  -0.0002194939  -0.0008952208
        0.0007034853   0.0011346979  -0.0004230916   0.0024620200  -0.0121320687
       -0.0152039141  -0.0186515581   0.0310339970   0.1037250617   0.0980558689
       -0.0005423374   0.0002251041  -0.0001546735
       -0.0112679226  -0.0084032678  -0.0233462154  -0.0558175482  -0.0768675765
       -0.1782858978  -0.0120833926  -0.0039535338   0.0034191723   0.0159159047
       -0.0148383426  -0.0232390199   0.0018754842   0.0020756895  -0.0014613526
       -0.0023008068   0.0014586915  -0.0013255076   0.0007109155   0.0020211071
        0.0005866974  -0.0005558279   0.0018979086   0.0006383066  -0.0009089665
       -0.0006768913  -0.0001403685   0.0633091739   0.0980558689   0.2247693521
        0.0011229863  -0.0007696537  -0.0016151666
       -0.0021136534  -0.0029194070   0.0029962829   0.0011060274   0.0003590311
       -0.0026306222  -0.0955290618   0.0685100756   0.0468619058  -0.0477207108
        0.0048769696   0.0212559285   0.0012607020   0.0008558483   0.0044665931
       -0.0010185165   0.0008406933  -0.0005559157  -0.0008460509   0.0011000240
        0.0006198923  -0.0000254511   0.0003052719  -0.0002865664  -0.0024536065
       -0.0004504714   0.0014095098  -0.0009559214  -0.0005423374   0.0011229863
        0.1482962430  -0.0729356980  -0.0752599943
        0.0013013042   0.0007486311  -0.0021807787  -0.0054536583   0.0008210308
        0.0014430604   0.0667045751  -0.0686338730  -0.0357001141  -0.0068894403
       -0.0024841303   0.0015014348   0.0159644262  -0.0470555129  -0.0285480284
        0.0001914161  -0.0008422466   0.0011386007   0.0010513884   0.0018243819
       -0.0000061102  -0.0001977567  -0.0002764156  -0.0000738155  -0.0000407794
        0.0004557313   0.0004745702   0.0003042227   0.0002251041  -0.0007696537
       -0.0729356980   0.1152172993   0.0627208344
       -0.0010791126  -0.0005815691  -0.0033127203   0.0037836922   0.0017952143
        0.0091762075   0.0455596757  -0.0364234754  -0.0755411724   0.0162851500
       -0.0035260452  -0.0072768457   0.0114764287  -0.0233568816  -0.0003581893
       -0.0019586388   0.0007372155   0.0013129936   0.0002970647  -0.0006194612
        0.0007890471  -0.0004631358  -0.0003770251   0.0015251141   0.0002115484
       -0.0002141331  -0.0020168758   0.0011473219  -0.0001546735  -0.0016151666
       -0.0752599943   0.0627208344   0.0773176077
