           1           2  0.95420480935885443     
           2           4   1.0195965737206591     
           3           4  0.95406062304152017     
           3           5   1.9559992993799806     
           4           5  0.17221699542829702     
           1           6  0.91170364151695527     
           1           7  0.48188865388323193     
           1           8  0.98364376707796908     
           2           9  0.95298030957187396     
           2          10  0.95036918955066163     
           3          11  0.91462424287699184     
