$hessian                                                                        
        0.8459205803   0.2067605957  -0.2723172315  -0.2117738860   0.0895553972
        0.0657583095  -0.5965612881  -0.2987542425   0.1980925322  -0.0375854062
        0.0024382496   0.0084663898
        0.2067605957   0.3930855593  -0.0812455258   0.1468166913  -0.1754352457
       -0.0389136307  -0.3390138281  -0.2377646677   0.1168179256  -0.0145634589
        0.0201143542   0.0033412309
       -0.2723172315  -0.0812455258   0.1028941690   0.0633782969  -0.0207811109
       -0.0116615037   0.1997610901   0.1040655084  -0.0778795644   0.0091778445
       -0.0020388717  -0.0133531009
       -0.2117738860   0.1468166913   0.0633782969   0.5179377744   0.0556452124
       -0.1650057118  -0.1089065743  -0.0161867584   0.0333153325  -0.1972573141
       -0.1862751453   0.0683120824
        0.0895553972  -0.1754352457  -0.0207811109   0.0556452124   0.3553725090
       -0.0321906756   0.0214139750   0.0460718752  -0.0089332810  -0.1666145846
       -0.2260091385   0.0619050676
        0.0657583095  -0.0389136307  -0.0116615037  -0.1650057118  -0.0321906756
        0.0579001962   0.0317511219   0.0029727810  -0.0160379020   0.0674962804
        0.0681315253  -0.0302007905
       -0.5965612881  -0.3390138281   0.1997610901  -0.1089065743   0.0214139750
        0.0317511219   0.7085856365   0.3118821765  -0.2348519748  -0.0031177741
        0.0057176765   0.0033397628
       -0.2987542425  -0.2377646677   0.1040655084  -0.0161867584   0.0460718752
        0.0029727810   0.3118821765   0.1914918485  -0.1064004044   0.0030588244
        0.0002009440  -0.0006378850
        0.1980925322   0.1168179256  -0.0778795644   0.0333153325  -0.0089332810
       -0.0160379020  -0.2348519748  -0.1064004044   0.0867810446   0.0034441102
       -0.0014842402   0.0071364218
       -0.0375854062  -0.0145634589   0.0091778445  -0.1972573141  -0.1666145846
        0.0674962804  -0.0031177741   0.0030588244   0.0034441102   0.2379604944
        0.1781192191  -0.0801182350
        0.0024382496   0.0201143542  -0.0020388717  -0.1862751453  -0.2260091385
        0.0681315253   0.0057176765   0.0002009440  -0.0014842402   0.1781192191
        0.2056938402  -0.0646084135
        0.0084663898   0.0033412309  -0.0133531009   0.0683120824   0.0619050676
       -0.0302007905   0.0033397628  -0.0006378850   0.0071364218  -0.0801182350
       -0.0646084135   0.0364174696
