$hessian                                                                        
        0.0901770239  -0.0521821964   0.1728315124  -0.0397396768  -0.0170517182
       -0.0953190512  -0.0387890587   0.0685910803  -0.0658963882  -0.0116482883
        0.0006428344  -0.0116160729
       -0.0521821964   0.5636733571   0.0188267372  -0.0170248374  -0.0557487163
       -0.0621406021   0.0686914294  -0.1985108483   0.1316124826   0.0005156044
       -0.3094137924  -0.0882986178
        0.1728315124   0.0188267372   0.5069347745  -0.0951843392  -0.0621271057
       -0.2914123940  -0.0659908497   0.1316376399  -0.1496381160  -0.0116563234
       -0.0883372714  -0.0658842645
       -0.0397396768  -0.0170248374  -0.0951843392   0.0381658317   0.0183791234
        0.1049239895  -0.0004519352  -0.0018755810  -0.0086822112   0.0020257803
        0.0005212950  -0.0010574391
       -0.0170517182  -0.0557487163  -0.0621271057   0.0183791234   0.0578897784
        0.0679700909   0.0067401560   0.0040482550   0.0192421357  -0.0080675612
       -0.0061893171  -0.0250851209
       -0.0953190512  -0.0621406021  -0.2914123940   0.1049239895   0.0679700909
        0.3150311274  -0.0059975313  -0.0047141689  -0.0156825579  -0.0036074070
       -0.0011153199  -0.0079361755
       -0.0387890587   0.0686914294  -0.0659908497  -0.0004519352   0.0067401560
       -0.0059975313   0.0370620445  -0.0751950190   0.0728345741   0.0021789494
       -0.0002365664  -0.0008461931
        0.0685910803  -0.1985108483   0.1316376399  -0.0018755810   0.0040482550
       -0.0047141689  -0.0751950190   0.2138308742  -0.1437162129   0.0084795197
       -0.0193682809   0.0167927419
       -0.0658963882   0.1316124826  -0.1496381160  -0.0086822112   0.0192421357
       -0.0156825579   0.0728345741  -0.1437162129   0.1602003724   0.0017440254
       -0.0071384054   0.0051203015
       -0.0116482883   0.0005156044  -0.0116563234   0.0020257803  -0.0080675612
       -0.0036074070   0.0021789494   0.0084795197   0.0017440254   0.0074435585
       -0.0009275630   0.0135197050
        0.0006428344  -0.3094137924  -0.0883372714   0.0005212950  -0.0061893171
       -0.0011153199  -0.0002365664  -0.0193682809  -0.0071384054  -0.0009275630
        0.3349713903   0.0965909967
       -0.0116160729  -0.0882986178  -0.0658842645  -0.0010574391  -0.0250851209
       -0.0079361755  -0.0008461931   0.0167927419   0.0051203015   0.0135197050
        0.0965909967   0.0687001385
