$hessian                                                                        
        0.5765886588   0.1066162175  -0.0556825452  -0.0114808980   0.0004750875
        0.0089548458  -0.3461370816  -0.0948142006  -0.0154072464  -0.0653825010
       -0.0597787793  -0.0690571844  -0.0258958652  -0.0025108797   0.0058519251
       -0.1309639259   0.0488683531   0.1243204685   0.0043141568  -0.0009764329
       -0.0019928284  -0.0010425439   0.0021206345   0.0030125648
        0.1066162175   0.2316574611   0.2573795108  -0.0223100621   0.0025133055
       -0.0000433683  -0.0804098422  -0.0703903672  -0.0383250818  -0.0542919771
       -0.1103203167  -0.1406029189   0.0057496285   0.0009475180   0.0025619145
        0.0456773849  -0.0548046454  -0.0801122175  -0.0001208015   0.0011801283
       -0.0026907958  -0.0009105481  -0.0007830837   0.0018329570
       -0.0556825452   0.2573795108   0.4653087414  -0.0266857316  -0.0094633181
        0.0046668331   0.0072029563  -0.0323469218  -0.0783209072  -0.0604980405
       -0.1383403159  -0.1977605967   0.0188252131   0.0059903663  -0.0006301216
        0.1192972287  -0.0814416914  -0.1927315279  -0.0007512530  -0.0023641517
       -0.0004391024  -0.0017078278   0.0005865217  -0.0000933187
       -0.0114808980  -0.0223100621  -0.0266857316   0.6063217545   0.1049749693
       -0.0706768390  -0.1812279638  -0.0900100029  -0.0761617722  -0.0019842474
        0.0002408298   0.0024353021   0.0067560443   0.0038437438   0.0022973169
        0.0010448394  -0.0010372545  -0.0027603849  -0.3105636969  -0.0400858367
        0.0634393435  -0.1088658320   0.0443836134   0.1081127652
        0.0004750875   0.0025133055  -0.0094633181   0.1049749693   0.2209698320
        0.2413186370  -0.1045852052  -0.1299826358  -0.1216802188  -0.0005269998
        0.0034692546   0.0010505215  -0.0044095021  -0.0108461258  -0.0117093042
        0.0019965522  -0.0015447867  -0.0005381685  -0.0455162508  -0.0218038413
       -0.0055570204   0.0475913489  -0.0627750025  -0.0934211286
        0.0089548458  -0.0000433683   0.0046668331  -0.0706768390   0.2413186370
        0.4464248653  -0.0988846006  -0.1276377935  -0.1836895556   0.0012193599
        0.0007174164   0.0035859848  -0.0106267505  -0.0151156613  -0.0215042760
        0.0019828351   0.0007022821  -0.0014191946   0.0548810041  -0.0078623853
       -0.0411782581   0.1131501451  -0.0920791272  -0.2068863988
       -0.3461370816  -0.0804098422   0.0072029563  -0.1812279638  -0.1045852052
       -0.0988846006   0.6996971262   0.1552296148  -0.0077518720  -0.0223249233
       -0.0059755329  -0.0037658729  -0.1111931082   0.0516640656   0.1161207001
       -0.0268318226  -0.0023463522   0.0072547563  -0.0226376714  -0.0179302049
       -0.0224759114   0.0106554448   0.0043534570   0.0022998442
       -0.0948142006  -0.0703903672  -0.0323469218  -0.0900100029  -0.1299826358
       -0.1276377935   0.1552296148   0.2943758042   0.2498941906  -0.0180813551
       -0.0123266676   0.0018028570   0.0516674991  -0.0629985937  -0.0787871547
        0.0065365410   0.0035150503   0.0033315459  -0.0059776513  -0.0121592246
       -0.0030090994  -0.0045504450  -0.0100333656  -0.0132476241
       -0.0154072464  -0.0383250818  -0.0783209072  -0.0761617722  -0.1216802188
       -0.1836895556  -0.0077518720   0.2498941906   0.4885406660  -0.0226809400
       -0.0031858177  -0.0043317310   0.1160832706  -0.0788079004  -0.1978802079
        0.0212073769   0.0070370897   0.0018573968  -0.0035979572   0.0020317480
       -0.0041108861  -0.0116908596  -0.0169640096  -0.0220647750
       -0.0653825010  -0.0542919771  -0.0604980405  -0.0019842474  -0.0005269998
        0.0012193599  -0.0223249233  -0.0180813551  -0.0226809400   0.0843295861
        0.0678804324   0.0750290739  -0.0008861824  -0.0010812049  -0.0018583561
        0.0066935469   0.0075486468   0.0092088544  -0.0002592428  -0.0011123045
       -0.0002385839  -0.0001860361  -0.0003352378  -0.0001813677
       -0.0597787793  -0.1103203167  -0.1383403159   0.0002408298   0.0034692546
        0.0007174164  -0.0059755329  -0.0123266676  -0.0031858177   0.0678804324
        0.1202674480   0.1464104633   0.0000139533  -0.0004709918   0.0012644430
       -0.0014335279  -0.0032112660  -0.0050382839  -0.0010109257   0.0021798682
       -0.0014384494   0.0000635503   0.0004126711  -0.0003894559
       -0.0690571844  -0.1406029189  -0.1977605967   0.0024353021   0.0010505215
        0.0035859848  -0.0037658729   0.0018028570  -0.0043317310   0.0750290739
        0.1464104633   0.2070354822  -0.0001463197   0.0017223109   0.0014754196
       -0.0048599128  -0.0087616536  -0.0113241396  -0.0000797191  -0.0013976771
        0.0012106782   0.0004446329  -0.0002239031   0.0001089025
       -0.0258958652   0.0057496285   0.0188252131   0.0067560443  -0.0044095021
       -0.0106267505  -0.1111931082   0.0516674991   0.1160832706  -0.0008861824
        0.0000139533  -0.0001463197   0.1346543148  -0.0469012855  -0.1210344160
       -0.0036117506  -0.0028051388  -0.0001008680   0.0007776536  -0.0011837554
       -0.0027053598  -0.0006011064  -0.0021313992  -0.0002947696
       -0.0025108797   0.0009475180   0.0059903663   0.0038437438  -0.0108461258
       -0.0151156613   0.0516640656  -0.0629985937  -0.0788079004  -0.0010812049
       -0.0004709918   0.0017223109  -0.0469012855   0.0667604883   0.0929101919
       -0.0019555360   0.0043822401  -0.0028948128  -0.0000797855  -0.0010705366
        0.0003678664  -0.0029791177   0.0032960016  -0.0041723611
        0.0058519251   0.0025619145  -0.0006301216   0.0022973169  -0.0117093042
       -0.0215042760   0.1161207001  -0.0787871547  -0.1978802079  -0.0018583561
        0.0012644430   0.0014754196  -0.1210344160   0.0929101919   0.2155314399
        0.0012276498  -0.0025416835   0.0022558792  -0.0009811434   0.0008237743
        0.0004169726  -0.0016236764  -0.0045221813   0.0003348941
       -0.1309639259   0.0456773849   0.1192972287   0.0010448394   0.0019965522
        0.0019828351  -0.0268318226   0.0065365410   0.0212073769   0.0066935469
       -0.0014335279  -0.0048599128  -0.0036117506  -0.0019555360   0.0012276498
        0.1536766126  -0.0503596746  -0.1376781623  -0.0000426997  -0.0003438668
       -0.0002534862   0.0000352000  -0.0001178728  -0.0009235291
        0.0488683531  -0.0548046454  -0.0814416914  -0.0010372545  -0.0015447867
        0.0007022821  -0.0023463522   0.0035150503   0.0070370897   0.0075486468
       -0.0032112660  -0.0087616536  -0.0028051388   0.0043822401  -0.0025416835
       -0.0503596746   0.0524048901   0.0844932140   0.0000542317   0.0003608736
       -0.0004676701   0.0000771884  -0.0011023561   0.0009801127
        0.1243204685  -0.0801122175  -0.1927315279  -0.0027603849  -0.0005381685
       -0.0014191946   0.0072547563   0.0033315459   0.0018573968   0.0092088544
       -0.0050382839  -0.0113241396  -0.0001008680  -0.0028948128   0.0022558792
       -0.1376781623   0.0844932140   0.2011758743   0.0003724050  -0.0003022270
        0.0000158939  -0.0006170689   0.0010609497   0.0001698178
        0.0043141568  -0.0001208015  -0.0007512530  -0.3105636969  -0.0455162508
        0.0548810041  -0.0226376714  -0.0059776513  -0.0035979572  -0.0002592428
       -0.0010109257  -0.0000797191   0.0007776536  -0.0000797855  -0.0009811434
       -0.0000426997   0.0000542317   0.0003724050   0.3368561470   0.0532041144
       -0.0526362821  -0.0084446467  -0.0005529313   0.0027929458
       -0.0009764329   0.0011801283  -0.0023641517  -0.0400858367  -0.0218038413
       -0.0078623853  -0.0179302049  -0.0121592246   0.0020317480  -0.0011123045
        0.0021798682  -0.0013976771  -0.0011837554  -0.0010705366   0.0008237743
       -0.0003438668   0.0003608736  -0.0003022270   0.0532041144   0.0290567041
        0.0096346153   0.0084282869   0.0022560283  -0.0005636965
       -0.0019928284  -0.0026907958  -0.0004391024   0.0634393435  -0.0055570204
       -0.0411782581  -0.0224759114  -0.0030090994  -0.0041108861  -0.0002385839
       -0.0014384494   0.0012106782  -0.0027053598   0.0003678664   0.0004169726
       -0.0002534862  -0.0004676701   0.0000158939  -0.0526362821   0.0096346153
        0.0457385816   0.0168631083   0.0031605533  -0.0016538797
       -0.0010425439  -0.0009105481  -0.0017078278  -0.1088658320   0.0475913489
        0.1131501451   0.0106554448  -0.0045504450  -0.0116908596  -0.0001860361
        0.0000635503   0.0004446329  -0.0006011064  -0.0029791177  -0.0016236764
        0.0000352000   0.0000771884  -0.0006170689  -0.0084446467   0.0084282869
        0.0168631083   0.1084495204  -0.0477202637  -0.1148184536
        0.0021206345  -0.0007830837   0.0005865217   0.0443836134  -0.0627750025
       -0.0920791272   0.0043534570  -0.0100333656  -0.0169640096  -0.0003352378
        0.0004126711  -0.0002239031  -0.0021313992   0.0032960016  -0.0045221813
       -0.0001178728  -0.0011023561   0.0010609497  -0.0005529313   0.0022560283
        0.0031605533  -0.0477202637   0.0687291069   0.1089811965
        0.0030125648   0.0018329570  -0.0000933187   0.1081127652  -0.0934211286
       -0.2068863988   0.0022998442  -0.0132476241  -0.0220647750  -0.0001813677
       -0.0003894559   0.0001089025  -0.0002947696  -0.0041723611   0.0003348941
       -0.0009235291   0.0009801127   0.0001698178   0.0027929458  -0.0005636965
       -0.0016538797  -0.1148184536   0.1089811965   0.2300847577
