$hessian                                                                        
        0.5298738747  -0.0504360615  -0.0486607387   0.0067839006   0.0352419652
       -0.0096371220  -0.1011928777   0.0180609956   0.0040033165  -0.0052922562
        0.0002057679   0.0008757113  -0.2366511040   0.0805608008   0.0097864557
       -0.1875323525  -0.0870242368   0.0434831228  -0.0059891850   0.0033907688
        0.0001492546
       -0.0504360615   0.8270183804  -0.1666028176   0.0409578213  -0.0315564884
        0.0018758465   0.0184918134  -0.6171367335   0.1407891296  -0.0072716198
        0.0018084006   0.0008920374   0.0899641592  -0.0748977280  -0.0056232429
       -0.0967599367  -0.1019536755   0.0285562971   0.0050538240  -0.0032821556
        0.0001127499
       -0.0486607387  -0.1666028176   0.1823524355  -0.0111313238   0.0028501877
        0.0023255380   0.0039613350   0.1407754029  -0.0815460841   0.0027497521
       -0.0002706844   0.0005062369   0.0074274477  -0.0041826611  -0.0421683879
        0.0459359505   0.0270409500  -0.0618260323  -0.0002824228   0.0003896226
        0.0003562941
        0.0067839006   0.0409578213  -0.0111313238   0.5866948775   0.4654668944
       -0.1831929978   0.0184529484  -0.0578448098   0.0056903012  -0.5827840513
       -0.3971665705   0.1785531619  -0.0039189142  -0.0039966886   0.0030574204
        0.0038497911   0.0015882839  -0.0019985545  -0.0290785522  -0.0490049308
        0.0090219925
        0.0352419652  -0.0315564884   0.0028501877   0.4654668944   0.7571805008
       -0.2239594559  -0.0156378772  -0.0530569156   0.0057404279  -0.4454678428
       -0.4079402191   0.1557499894   0.0008477528  -0.0027130013   0.0028737108
        0.0005172035  -0.0014350859  -0.0013410834  -0.0409680959  -0.2604787904
        0.0580862236
       -0.0096371220   0.0018758465   0.0023255380  -0.1831929978  -0.2239594559
        0.2148822513  -0.0045793297   0.0123391702  -0.0408002547   0.1903183708
        0.1484233159  -0.1138517648   0.0017744541   0.0035442739   0.0078043686
       -0.0016994760  -0.0014810933  -0.0057091884   0.0070161006   0.0592579428
       -0.0646509500
       -0.1011928777   0.0184918134   0.0039613350   0.0184529484  -0.0156378772
       -0.0045793297   0.1923149708  -0.0027785175  -0.0231159728  -0.1113359434
       -0.0109952372   0.0211419973   0.0029719523   0.0326271745  -0.0080945637
        0.0055151226  -0.0267627850   0.0093123351  -0.0067261730   0.0050554289
        0.0013741988
        0.0180609956  -0.6171367335   0.1407754029  -0.0578448098  -0.0530569156
        0.0123391702  -0.0027785175   0.7137936082  -0.1693736299   0.0158732732
        0.0255221700  -0.0060444257   0.0061950146  -0.0256812831   0.0064555170
       -0.0014117516  -0.0314403598   0.0136261483   0.0219057955  -0.0120004862
        0.0022218172
        0.0040033165   0.1407891296  -0.0815460841   0.0056903012   0.0057404279
       -0.0408002547  -0.0231159728  -0.1693736299   0.0830842133   0.0146641833
       -0.0018733543   0.0088870441  -0.0014073855   0.0024201280   0.0036117361
        0.0028787152   0.0175239835   0.0169676175  -0.0027131580   0.0047733152
        0.0097957278
       -0.0052922562  -0.0072716198   0.0027497521  -0.5827840513  -0.4454678428
        0.1903183708  -0.1113359434   0.0158732732   0.0146641833   0.7081058049
        0.4426915190  -0.2131119559   0.0025128174   0.0009259314  -0.0007825618
        0.0005746423  -0.0015839134   0.0002950990  -0.0117810136  -0.0051673476
        0.0058671124
        0.0002057679   0.0018084006  -0.0002706844  -0.3971665705  -0.4079402191
        0.1484233159  -0.0109952372   0.0255221700  -0.0018733543   0.4426915190
        0.3867923953  -0.1573179239   0.0001695122   0.0020193274  -0.0008410327
       -0.0023114499   0.0005492102   0.0002368590  -0.0325935415  -0.0087512844
        0.0116428205
        0.0008757113   0.0008920374   0.0005062369   0.1785531619   0.1557499894
       -0.1138517648   0.0211419973  -0.0060444257   0.0088870441  -0.2131119559
       -0.1573179239   0.0902935948  -0.0005843391  -0.0009076367  -0.0007262600
        0.0005067680   0.0001114879  -0.0000454371   0.0126186564   0.0075164716
        0.0149365862
       -0.2366511040   0.0899641592   0.0074274477  -0.0039189142   0.0008477528
        0.0017744541   0.0029719523   0.0061950146  -0.0014073855   0.0025128174
        0.0001695122  -0.0005843391   0.2514271614  -0.1031979316  -0.0097880246
       -0.0165577922   0.0058040297   0.0028693040   0.0002158793   0.0002174631
       -0.0002914566
        0.0805608008  -0.0748977280  -0.0041826611  -0.0039966886  -0.0027130013
        0.0035442739   0.0326271745  -0.0256812831   0.0024201280   0.0009259314
        0.0020193274  -0.0009076367  -0.1031979316   0.0947337149  -0.0028588277
       -0.0081518039   0.0071871344   0.0023467494   0.0012325174  -0.0006481644
       -0.0003620257
        0.0097864557  -0.0056232429  -0.0421683879   0.0030574204   0.0028737108
        0.0078043686  -0.0080945637   0.0064555170   0.0036117361  -0.0007825618
       -0.0008410327  -0.0007262600  -0.0097880246  -0.0028588277   0.0222046739
        0.0063873263   0.0001894746   0.0104708384  -0.0005660523  -0.0001955991
       -0.0011969691
       -0.1875323525  -0.0967599367   0.0459359505   0.0038497911   0.0005172035
       -0.0016994760   0.0055151226  -0.0014117516   0.0028787152   0.0005746423
       -0.0023114499   0.0005067680  -0.0165577922  -0.0081518039   0.0063873263
        0.1946468275   0.1083273208  -0.0543178532  -0.0004962388  -0.0002095822
        0.0003085692
       -0.0870242368  -0.1019536755   0.0270409500   0.0015882839  -0.0014350859
       -0.0014810933  -0.0267627850  -0.0314403598   0.0175239835  -0.0015839134
        0.0005492102   0.0001114879   0.0058040297   0.0071871344   0.0001894746
        0.1083273208   0.1266546741  -0.0436413953  -0.0003486992   0.0004381025
        0.0002565926
        0.0434831228   0.0285562971  -0.0618260323  -0.0019985545  -0.0013410834
       -0.0057091884   0.0093123351   0.0136261483   0.0169676175   0.0002950990
        0.0002368590  -0.0000454371   0.0028693040   0.0023467494   0.0104708384
       -0.0543178532  -0.0436413953   0.0390400983   0.0003565469   0.0002164248
        0.0011021036
       -0.0059891850   0.0050538240  -0.0002824228  -0.0290785522  -0.0409680959
        0.0070161006  -0.0067261730   0.0219057955  -0.0027131580  -0.0117810136
       -0.0325935415   0.0126186564   0.0002158793   0.0012325174  -0.0005660523
       -0.0004962388  -0.0003486992   0.0003565469   0.0538552833   0.0457181998
       -0.0164296707
        0.0033907688  -0.0032821556   0.0003896226  -0.0490049308  -0.2604787904
        0.0592579428   0.0050554289  -0.0120004862   0.0047733152  -0.0051673476
       -0.0087512844   0.0075164716   0.0002174631  -0.0006481644  -0.0001955991
       -0.0002095822   0.0004381025   0.0002164248   0.0457181998   0.2847227786
       -0.0719581779
        0.0001492546   0.0001127499   0.0003562941   0.0090219925   0.0580862236
       -0.0646509500   0.0013741988   0.0022218172   0.0097957278   0.0058671124
        0.0116428205   0.0149365862  -0.0002914566  -0.0003620257  -0.0011969691
        0.0003085692   0.0002565926   0.0011021036  -0.0164296707  -0.0719581779
        0.0396572075
