$hessian                                                                        
        1.8701307708  -0.5293938449  -0.4068828280  -1.1186685039   0.3535802198
        0.2377334491  -0.7105913643   0.1669054867   0.1619319578  -0.0408709026
        0.0089081384   0.0072174211
       -0.5293938449   0.2836879399   0.1184797837   0.3545551402  -0.1772824075
       -0.0792564478   0.1538319785  -0.1015732834  -0.0321589459   0.0210067262
       -0.0048322491  -0.0070643900
       -0.4068828280   0.1184797837   0.2005330131   0.2375668288  -0.0789724115
       -0.1112135337   0.1644185983  -0.0359570631  -0.0786979233   0.0048974009
       -0.0035503091  -0.0106215561
       -1.1186685039   0.3545551402   0.2375668288   1.1759722530  -0.3741414111
       -0.2579028011  -0.0665484767   0.0251987041   0.0203610053   0.0092447275
       -0.0056124332  -0.0000250330
        0.3535802198  -0.1772824075  -0.0789724115  -0.3741414111   0.1536597055
        0.0843955444   0.0230535044   0.0196903728  -0.0064420038  -0.0024923131
        0.0039323292   0.0010188709
        0.2377334491  -0.0792564478  -0.1112135337  -0.2579028011   0.0843955444
        0.0897732851   0.0207950921  -0.0070452795   0.0162197148  -0.0006257401
        0.0019061829   0.0052205338
       -0.7105913643   0.1538319785   0.1644185983  -0.0665484767   0.0230535044
        0.0207950921   0.8841003187  -0.3386304039  -0.1860102340  -0.1069604777
        0.1617449210   0.0007965436
        0.1669054867  -0.1015732834  -0.0359570631   0.0251987041   0.0196903728
       -0.0070452795  -0.3386304039   0.3087636710   0.0409615956   0.1465262131
       -0.2268807604   0.0020407470
        0.1619319578  -0.0321589459  -0.0786979233   0.0203610053  -0.0064420038
        0.0162197148  -0.1860102340   0.0409615956   0.0595364935   0.0037172709
       -0.0023606460   0.0029417149
       -0.0408709026   0.0210067262   0.0048974009   0.0092447275  -0.0024923131
       -0.0006257401  -0.1069604777   0.1465262131   0.0037172709   0.1385866527
       -0.1650406262  -0.0079889317
        0.0089081384  -0.0048322491  -0.0035503091  -0.0056124332   0.0039323292
        0.0019061829   0.1617449210  -0.2268807604  -0.0023606460  -0.1650406262
        0.2277806803   0.0040047722
        0.0072174211  -0.0070643900  -0.0106215561  -0.0000250330   0.0010188709
        0.0052205338   0.0007965436   0.0020407470   0.0029417149  -0.0079889317
        0.0040047722   0.0024593074
