$hessian                                                                        
        0.6159770577   0.5520907832  -0.5822141150  -0.5009781134  -0.4748919066
        0.5007227135  -0.1150010009  -0.0772006848   0.0814933300
        0.5520907832   0.6494659361  -0.6001404277  -0.4748886083  -0.5298075465
        0.5161508983  -0.0772039733  -0.1196604664   0.0839915173
       -0.5822141150  -0.6001404277   0.7132598837   0.5007390453   0.5161713184
       -0.5845289332   0.0814769657   0.0839710747  -0.1287330804
       -0.5009781134  -0.4748886083   0.5007390453   0.4881063313   0.4823548773
       -0.5086005478   0.0128733696  -0.0074646643   0.0078598316
       -0.4748919066  -0.5298075465   0.5161713184   0.4823548773   0.5173891782
       -0.5242734685  -0.0074613521   0.0124199401   0.0081004277
        0.5007227135   0.5161508983  -0.5845289332  -0.5086005478  -0.5242734685
        0.5729681239   0.0078761282   0.0081208266   0.0115623644
       -0.1150010009  -0.0772039733   0.0814769657   0.0128733696  -0.0074613521
        0.0078761282   0.1021281005   0.0846655288  -0.0893533516
       -0.0772006848  -0.1196604664   0.0839710747  -0.0074646643   0.0124199401
        0.0081208266   0.0846655288   0.1072410311  -0.0920921667
        0.0814933300   0.0839915173  -0.1287330804   0.0078598316   0.0081004277
        0.0115623644  -0.0893533516  -0.0920921667   0.1171712907
