$hessian                                                                        
        0.5012545552   0.0282227317   0.0166367314  -0.1192563402   0.0733506764
       -0.0285789350   0.0031392540  -0.0005349022  -0.0005035485   0.0178320951
       -0.0116352472   0.0011773647  -0.0078077602   0.0021993396   0.0002169776
       -0.1125875048  -0.0236244952  -0.1115176791  -0.1513320539  -0.1224650029
        0.0204157344  -0.1207311168   0.0369441452   0.1060308063  -0.0112021626
        0.0189126468  -0.0035763420   0.0012666487   0.0005864933  -0.0003175025
       -0.0005756144  -0.0019563855   0.0000163927
        0.0282227317   0.5268190703  -0.0148370107   0.0878095278  -0.1926309834
        0.0421336482  -0.0080349956  -0.0043435983   0.0014575601   0.0039938203
       -0.0452720724   0.0048319414   0.0075610923  -0.0021703785  -0.0001707902
       -0.0268883829  -0.0473774861  -0.0250382515  -0.1254971580  -0.1822757365
        0.0292837069   0.0320871340  -0.0485901598  -0.0406654472   0.0005767962
       -0.0022898877   0.0034467045  -0.0012406240  -0.0009601877  -0.0000335459
        0.0014100581  -0.0009085802  -0.0004085155
        0.0166367314  -0.0148370107   0.4456409738  -0.0336424024   0.0474590192
       -0.0554313913  -0.0001084749   0.0005306171   0.0022882541   0.0014951797
        0.0006865425  -0.0057363189  -0.0010227888   0.0002543868   0.0012730801
       -0.1090713500  -0.0247543028  -0.1923958286   0.0209270334   0.0279666493
       -0.0488741331   0.1102189861  -0.0448764485  -0.1524699555  -0.0058190090
        0.0074395148   0.0055033036   0.0002383426   0.0000812761  -0.0005832343
        0.0001477520   0.0000497562   0.0007852501
       -0.1192563402   0.0878095278  -0.0336424024   0.5399475066  -0.0194145404
        0.1334641594  -0.0056045241  -0.0222839282   0.0062696119  -0.1583874019
       -0.0741958636  -0.0155662451   0.0311459757  -0.0029907264  -0.0041052553
       -0.0149711563   0.0176619612  -0.0082092641   0.0069681051  -0.0132660146
        0.0047538939  -0.0137816265   0.0196789820  -0.0022278033  -0.2657545245
        0.0050916828  -0.0819180515  -0.0022487111  -0.0014172181   0.0007246592
        0.0019426974   0.0033261375   0.0004566974
        0.0733506764  -0.1926309834   0.0474590192  -0.0194145404   0.5338038071
       -0.0515502767  -0.0258812445  -0.0842451962   0.0073302774  -0.0932420625
       -0.1714558611  -0.0056676837   0.0182054538  -0.0022516267   0.0001031110
        0.0101858732  -0.0009429464   0.0035377432   0.0077997477  -0.0250106759
        0.0040974030   0.0172506526  -0.0151237775  -0.0018664250   0.0084684696
       -0.0398186942  -0.0005943918   0.0008084903   0.0002664540  -0.0016312013
        0.0024684838  -0.0025904997  -0.0012175753
       -0.0285789350   0.0421336482  -0.0554313913   0.1334641594  -0.0515502767
        0.1429139318   0.0020627874   0.0027625520   0.0018977130  -0.0152916659
       -0.0094201063  -0.0356827616  -0.0022695830   0.0003833765  -0.0017310386
       -0.0142577536   0.0198158338  -0.0073487432  -0.0016443731   0.0034200012
       -0.0027363884   0.0043065372  -0.0126517926   0.0045474469  -0.0776246607
        0.0030774662  -0.0496320839  -0.0007890093   0.0006437178  -0.0016310705
        0.0006224965   0.0013855799   0.0048343857
        0.0031392540  -0.0080349956  -0.0001084749  -0.0056045241  -0.0258812445
        0.0020627874   0.6853516192  -0.0236412277  -0.1048924953  -0.1137181387
        0.1291138839   0.0033267521  -0.3890352810   0.0633123577   0.0651309566
       -0.0018771722   0.0007988240  -0.0004833150   0.0009578091   0.0003070065
        0.0006136536  -0.0009439333   0.0005961473   0.0005833885   0.0012596084
       -0.0015562321  -0.0001417436  -0.0394398498  -0.0079392185   0.0085364749
       -0.1400893917  -0.1270753011   0.0253720157
       -0.0005349022  -0.0043435983   0.0005306171  -0.0222839282  -0.0842451962
        0.0027625520  -0.0236412277   0.6493463686  -0.0211038753   0.0930526186
       -0.2837117689  -0.0065189958   0.0972055860  -0.1083197224  -0.0090227567
        0.0004463424  -0.0022226949   0.0010412604   0.0012733855  -0.0015121731
        0.0004952577   0.0011904504  -0.0026754269  -0.0003086114   0.0031012485
        0.0006099141   0.0000816677  -0.0235492538   0.0112301458   0.0010471198
       -0.1262603195  -0.1741558477   0.0309957646
       -0.0005035485   0.0014575601   0.0022882541   0.0062696119   0.0073302774
        0.0018977130  -0.1048924953  -0.0211038753   0.1166950233   0.0015917602
       -0.0122703703  -0.0417523222   0.0604543630  -0.0052936237  -0.0434368055
        0.0003607914  -0.0000965812  -0.0000241332   0.0000479029   0.0003103123
        0.0009623808  -0.0005537964   0.0005909151  -0.0003207781  -0.0003871735
       -0.0004916654  -0.0000299647   0.0112443492  -0.0008004035  -0.0025828127
        0.0263682353   0.0303674546  -0.0336965549
        0.0178320951   0.0039938203   0.0014951797  -0.1583874019  -0.0932420625
       -0.0152916659  -0.1137181387   0.0930526186   0.0015917602   0.3376044546
       -0.0247823764   0.0039473824  -0.0608740930   0.0616340016   0.0090545802
       -0.0013471218   0.0000523862   0.0005378866  -0.0003026724   0.0023689239
       -0.0007363541  -0.0026812529  -0.0005848837  -0.0004442185  -0.0250606162
       -0.0324034042  -0.0001547513   0.0026134836   0.0024041743  -0.0011096069
        0.0043212635  -0.0124931982   0.0011098075
       -0.0116352472  -0.0452720724   0.0006865425  -0.0741958636  -0.1714558611
       -0.0094201063   0.1291138839  -0.2837117689  -0.0122703703  -0.0247823764
        0.5697404052   0.0171206561  -0.0020386915  -0.0225220481  -0.0027977709
       -0.0029785709   0.0017922783  -0.0012875277   0.0038676623  -0.0061181695
        0.0018453283  -0.0039536655   0.0007255579   0.0009142455  -0.0186549799
       -0.0091793531   0.0034074088  -0.0004402101   0.0025380294   0.0025387094
        0.0056980590  -0.0365369978  -0.0007371154
        0.0011773647   0.0048319414  -0.0057363189  -0.0155662451  -0.0056676837
       -0.0356827616   0.0033267521  -0.0065189958  -0.0417523222   0.0039473824
        0.0171206561   0.0632007346   0.0125225589  -0.0082185862   0.0157525281
        0.0012999963  -0.0001185229   0.0002161892  -0.0004977582   0.0028963156
        0.0020098376   0.0024025791   0.0009167741   0.0000063516  -0.0060561089
       -0.0065265215   0.0081325061  -0.0009484423  -0.0007692109  -0.0017260623
       -0.0016080789   0.0020538337  -0.0044206823
       -0.0078077602   0.0075610923  -0.0010227888   0.0311459757   0.0182054538
       -0.0022695830  -0.3890352810   0.0972055860   0.0604543630  -0.0608740930
       -0.0020386915   0.0125225589   0.6079834719   0.0343297004  -0.1368992612
        0.0020153253   0.0009304560   0.0001619875  -0.0004923606  -0.0013912571
       -0.0007979093   0.0012828472   0.0006086424  -0.0003825172  -0.0017976499
       -0.0002621751   0.0007365688  -0.1495700804  -0.1587208636   0.0621332848
       -0.0328503950   0.0035720563   0.0053632966
        0.0021993396  -0.0021703785   0.0002543868  -0.0029907264  -0.0022516267
        0.0003833765   0.0633123577  -0.1083197224  -0.0052936237   0.0616340016
       -0.0225220481  -0.0082185862   0.0343297004   0.3690503748  -0.0623706680
       -0.0005007071  -0.0006112893  -0.0002205122   0.0004916417  -0.0002070158
        0.0000711358  -0.0000971872  -0.0001950028   0.0002206649   0.0015102662
       -0.0012531334  -0.0009658924  -0.1424369273  -0.2362537422   0.0738557557
       -0.0174517593   0.0047335844   0.0022839627
        0.0002169776  -0.0001707902   0.0012730801  -0.0041052553   0.0001031110
       -0.0017310386   0.0651309566  -0.0090227567  -0.0434368055   0.0090545802
       -0.0027977709   0.0157525281  -0.1368992612  -0.0623706680   0.0762849192
       -0.0002734817   0.0003424162   0.0003020631  -0.0001100856   0.0001567625
        0.0000110443   0.0001388529  -0.0000989035   0.0006331570   0.0010512213
       -0.0004386151  -0.0034715551   0.0579163864   0.0758173946  -0.0427139490
        0.0078791089  -0.0015201799  -0.0029034435
       -0.1125875048  -0.0268883829  -0.1090713500  -0.0149711563   0.0101858732
       -0.0142577536  -0.0018771722   0.0004463424   0.0003607914  -0.0013471218
       -0.0029785709   0.0012999963   0.0020153253  -0.0005007071  -0.0002734817
        0.1361318745   0.0188484772   0.1283750798  -0.0129304773  -0.0048118142
       -0.0159774554   0.0072405372   0.0026618328   0.0129415487  -0.0010880348
        0.0026387638  -0.0029098767  -0.0010493205   0.0003209155  -0.0010593733
        0.0004630508   0.0000772702   0.0005718746
       -0.0236244952  -0.0473774861  -0.0247543028   0.0176619612  -0.0009429464
        0.0198158338   0.0007988240  -0.0022226949  -0.0000965812   0.0000523862
        0.0017922783  -0.0001185229   0.0009304560  -0.0006112893   0.0003424162
        0.0188484772   0.0561025513   0.0302203053  -0.0135248283  -0.0037026400
       -0.0177527301  -0.0034068469   0.0009956436  -0.0090441995   0.0016561551
       -0.0031647406   0.0004517607   0.0000959165  -0.0004081132   0.0002951551
        0.0005119943  -0.0004605628   0.0006408654
       -0.1115176791  -0.0250382515  -0.1923958286  -0.0082092641   0.0035377432
       -0.0073487432  -0.0004833150   0.0010412604  -0.0000241332   0.0005378866
       -0.0012875277   0.0002161892   0.0001619875  -0.0002205122   0.0003020631
        0.1283750798   0.0302203053   0.2251717339   0.0009403195  -0.0009908963
        0.0021417743  -0.0101636150  -0.0072715708  -0.0278658637   0.0002275509
        0.0001578112  -0.0002697223   0.0002847348   0.0000524968   0.0005792150
       -0.0001536858  -0.0002008584  -0.0005066846
       -0.1513320539  -0.1254971580   0.0209270334   0.0069681051   0.0077997477
       -0.0016443731   0.0009578091   0.0012733855   0.0000479029  -0.0003026724
        0.0038676623  -0.0004977582  -0.0004923606   0.0004916417  -0.0001100856
       -0.0129304773  -0.0135248283   0.0009403195   0.1725743206   0.1382950595
       -0.0259682161  -0.0161692277  -0.0149870120   0.0064776686   0.0003434637
        0.0017282350  -0.0001840843   0.0000467109   0.0006942716  -0.0002729935
        0.0003363825  -0.0001410049   0.0002845864
       -0.1224650029  -0.1822757365   0.0279666493  -0.0132660146  -0.0250106759
        0.0034200012   0.0003070065  -0.0015121731   0.0003103123   0.0023689239
       -0.0061181695   0.0028963156  -0.0013912571  -0.0002070158   0.0001567625
       -0.0048118142  -0.0037026400  -0.0009908963   0.1382950595   0.2162522240
       -0.0328365215   0.0015182266   0.0042709057  -0.0001928438  -0.0006243521
       -0.0000179272  -0.0008296827   0.0001638088  -0.0007529029   0.0000860835
       -0.0000945845  -0.0009258888   0.0000138199
        0.0204157344   0.0292837069  -0.0488741331   0.0047538939   0.0040974030
       -0.0027363884   0.0006136536   0.0004952577   0.0009623808  -0.0007363541
        0.0018453283   0.0020098376  -0.0007979093   0.0000711358   0.0000110443
       -0.0159774554  -0.0177527301   0.0021417743  -0.0259682161  -0.0328365215
        0.0527874443   0.0167736433   0.0144321109  -0.0053024645   0.0009630401
        0.0005005737  -0.0017342720  -0.0000259557  -0.0002234851  -0.0003557324
       -0.0000140747   0.0000872205   0.0010905090
       -0.1207311168   0.0320871340   0.1102189861  -0.0137816265   0.0172506526
        0.0043065372  -0.0009439333   0.0011904504  -0.0005537964  -0.0026812529
       -0.0039536655   0.0024025791   0.0012828472  -0.0000971872   0.0001388529
        0.0072405372  -0.0034068469  -0.0101636150  -0.0161692277   0.0015182266
        0.0167736433   0.1477163716  -0.0467719204  -0.1223382441  -0.0019472315
        0.0017260253  -0.0008736764  -0.0002695608   0.0006049556   0.0008213994
        0.0002841935  -0.0001478245  -0.0007326660
        0.0369441452  -0.0485901598  -0.0448764485   0.0196789820  -0.0151237775
       -0.0126517926   0.0005961473  -0.0026754269   0.0005909151  -0.0005848837
        0.0007255579   0.0009167741   0.0006086424  -0.0001950028  -0.0000989035
        0.0026618328   0.0009956436  -0.0072715708  -0.0149870120   0.0042709057
        0.0144321109  -0.0467719204   0.0636106560   0.0497887282   0.0010263733
       -0.0019548560  -0.0003034842   0.0002897746  -0.0003349308  -0.0001225056
        0.0005379184  -0.0007286094  -0.0004038231
        0.1060308063  -0.0406654472  -0.1524699555  -0.0022278033  -0.0018664250
        0.0045474469   0.0005833885  -0.0003086114  -0.0003207781  -0.0004442185
        0.0009142455   0.0000063516  -0.0003825172   0.0002206649   0.0006331570
        0.0129415487  -0.0090441995  -0.0278658637   0.0064776686  -0.0001928438
       -0.0053024645  -0.1223382441   0.0497887282   0.1825526910  -0.0007650397
        0.0010874299  -0.0021639096   0.0002939046  -0.0000691555   0.0006628687
       -0.0001694940   0.0001356138  -0.0002795439
       -0.0112021626   0.0005767962  -0.0058190090  -0.2657545245   0.0084684696
       -0.0776246607   0.0012596084   0.0031012485  -0.0003871735  -0.0250606162
       -0.0186549799  -0.0060561089  -0.0017976499   0.0015102662   0.0010512213
       -0.0010880348   0.0016561551   0.0002275509   0.0003434637  -0.0006243521
        0.0009630401  -0.0019472315   0.0010263733  -0.0007650397   0.3051854821
        0.0035293447   0.0885333583   0.0006978408  -0.0004493254   0.0004322523
       -0.0006361754  -0.0001399963  -0.0005554310
        0.0189126468  -0.0022898877   0.0074395148   0.0050916828  -0.0398186942
        0.0030774662  -0.0015562321   0.0006099141  -0.0004916654  -0.0324034042
       -0.0091793531  -0.0065265215  -0.0002621751  -0.0012531334  -0.0004386151
        0.0026387638  -0.0031647406   0.0001578112   0.0017282350  -0.0000179272
        0.0005005737   0.0017260253  -0.0019548560   0.0010874299   0.0035293447
        0.0596061010  -0.0033716532   0.0007764390  -0.0019588840  -0.0015927358
       -0.0001813260  -0.0005785389   0.0001583952
       -0.0035763420   0.0034467045   0.0055033036  -0.0819180515  -0.0005943918
       -0.0496320839  -0.0001417436   0.0000816677  -0.0000299647  -0.0001547513
        0.0034074088   0.0081325061   0.0007365688  -0.0009658924  -0.0034715551
       -0.0029098767   0.0004517607  -0.0002697223  -0.0001840843  -0.0008296827
       -0.0017342720  -0.0008736764  -0.0003034842  -0.0021639096   0.0885333583
       -0.0033716532   0.0437726442   0.0001426400  -0.0016358564  -0.0011106366
        0.0003459587   0.0003134191   0.0010036902
        0.0012666487  -0.0012406240   0.0002383426  -0.0022487111   0.0008084903
       -0.0007890093  -0.0394398498  -0.0235492538   0.0112443492   0.0026134836
       -0.0004402101  -0.0009484423  -0.1495700804  -0.1424369273   0.0579163864
       -0.0010493205   0.0000959165   0.0002847348   0.0000467109   0.0001638088
       -0.0000259557  -0.0002695608   0.0002897746   0.0002939046   0.0006978408
        0.0007764390   0.0001426400   0.1925611727   0.1638243382  -0.0708923102
       -0.0046083340   0.0017082478   0.0025353598
        0.0005864933  -0.0009601877   0.0000812761  -0.0014172181   0.0002664540
        0.0006437178  -0.0079392185   0.0112301458  -0.0008004035   0.0024041743
        0.0025380294  -0.0007692109  -0.1587208636  -0.2362537422   0.0758173946
        0.0003209155  -0.0004081132   0.0000524968   0.0006942716  -0.0007529029
       -0.0002234851   0.0006049556  -0.0003349308  -0.0000691555  -0.0004493254
       -0.0019588840  -0.0016358564   0.1638243382   0.2259062288  -0.0744708537
        0.0000914770   0.0007279027   0.0013740799
       -0.0003175025  -0.0000335459  -0.0005832343   0.0007246592  -0.0016312013
       -0.0016310705   0.0085364749   0.0010471198  -0.0025828127  -0.0011096069
        0.0025387094  -0.0017260623   0.0621332848   0.0738557557  -0.0427139490
       -0.0010593733   0.0002951551   0.0005792150  -0.0002729935   0.0000860835
       -0.0003557324   0.0008213994  -0.0001225056   0.0006628687   0.0004322523
       -0.0015927358  -0.0011106366  -0.0708923102  -0.0744708537   0.0443456937
        0.0010037156   0.0000280188   0.0051157205
       -0.0005756144   0.0014100581   0.0001477520   0.0019426974   0.0024684838
        0.0006224965  -0.1400893917  -0.1262603195   0.0263682353   0.0043212635
        0.0056980590  -0.0016080789  -0.0328503950  -0.0174517593   0.0078791089
        0.0004630508   0.0005119943  -0.0001536858   0.0003363825  -0.0000945845
       -0.0000140747   0.0002841935   0.0005379184  -0.0001694940  -0.0006361754
       -0.0001813260   0.0003459587  -0.0046083340   0.0000914770   0.0010037156
        0.1714123229   0.1332699987  -0.0344219337
       -0.0019563855  -0.0009085802   0.0000497562   0.0033261375  -0.0025904997
        0.0013855799  -0.1270753011  -0.1741558477   0.0303674546  -0.0124931982
       -0.0365369978   0.0020538337   0.0035720563   0.0047335844  -0.0015201799
        0.0000772702  -0.0004605628  -0.0002008584  -0.0001410049  -0.0009258888
        0.0000872205  -0.0001478245  -0.0007286094   0.0001356138  -0.0001399963
       -0.0005785389   0.0003134191   0.0017082478   0.0007279027   0.0000280188
        0.1332699987   0.2114240383  -0.0326998583
        0.0000163927  -0.0004085155   0.0007852501   0.0004566974  -0.0012175753
        0.0048343857   0.0253720157   0.0309957646  -0.0336965549   0.0011098075
       -0.0007371154  -0.0044206823   0.0053632966   0.0022839627  -0.0029034435
        0.0005718746   0.0006408654  -0.0005066846   0.0002845864   0.0000138199
        0.0010905090  -0.0007326660  -0.0004038231  -0.0002795439  -0.0005554310
        0.0001583952   0.0010036902   0.0025353598   0.0013740799   0.0051157205
       -0.0344219337  -0.0326998583   0.0289773536
