$hessian                                                                        
        0.6007560690  -0.0439835408   0.0798481383  -0.2241141583  -0.0176581757
       -0.1750091852  -0.0707557995   0.0032153064   0.0766163597  -0.0101293860
        0.0158662840  -0.0002640564  -0.2823033404   0.0419601302   0.0391013114
       -0.0187550293   0.0021624776  -0.0223175569   0.0053016444  -0.0015624817
        0.0020249891
       -0.0439835408   0.1438580109   0.0229332748   0.0092885815   0.0111744502
       -0.0052819253   0.0047455860  -0.0396076179  -0.0064989531  -0.0133795769
       -0.0704619450  -0.0049720771   0.0442229630  -0.0466909028  -0.0054198177
        0.0026218257   0.0003876264   0.0005899579  -0.0035158385   0.0013403782
       -0.0013504594
        0.0798481383   0.0229332748   0.6321658622  -0.1801349891  -0.0375323148
       -0.2834571406   0.0811730000  -0.0098542960  -0.2674058438   0.0053041802
        0.0300140271  -0.0117997924   0.0338106378  -0.0065986181  -0.0487682031
       -0.0027474410  -0.0005971857   0.0021340875  -0.0172535262   0.0016351127
       -0.0228689699
       -0.2241141583   0.0092885815  -0.1801349891   0.6065719230   0.0006338168
        0.0783767059   0.0056633154   0.0013477624   0.0015073620  -0.0114475876
       -0.0233406469   0.0056320292  -0.0194018567  -0.0044249761  -0.0214476960
       -0.2882647200  -0.0006149192   0.0441336650  -0.0690069158   0.0171103815
        0.0719329229
       -0.0176581757   0.0111744502  -0.0375323148   0.0006338168   0.1497552899
        0.0751542034  -0.0010236026  -0.0000137434  -0.0040573348   0.0059059183
       -0.0717737520   0.0183618035  -0.0005632521   0.0014528763   0.0025332115
       -0.0039579806  -0.0394825399  -0.0018423406   0.0166632758  -0.0511125812
       -0.0526172282
       -0.1750091852  -0.0052819253  -0.2834571406   0.0783767059   0.0751542034
        0.6204186538  -0.0179434127  -0.0044791548  -0.0218712445   0.0000695825
       -0.0166267168  -0.0091838515  -0.0022676088   0.0011687658   0.0017056736
        0.0396639766  -0.0000238175  -0.0499932557   0.0771099416  -0.0499113548
       -0.2576188351
       -0.0707557995   0.0047455860   0.0811730000   0.0056633154  -0.0010236026
       -0.0179434127   0.0723159946  -0.0058278510  -0.0814440332   0.0008929163
        0.0003452303  -0.0005565394  -0.0078312378   0.0017039840   0.0223438402
        0.0011720267  -0.0006739666  -0.0012554200  -0.0014572156   0.0007306199
       -0.0023174349
        0.0032153064  -0.0396076179  -0.0098542960   0.0013477624  -0.0000137434
       -0.0044791548  -0.0058278510   0.0290377700   0.0089380343  -0.0006654118
        0.0006181195   0.0111818740   0.0014388283   0.0050613940  -0.0040602166
        0.0002849913  -0.0043097074   0.0009541657   0.0002063744   0.0092137851
       -0.0026804066
        0.0766163597  -0.0064989531  -0.2674058438   0.0015073620  -0.0040573348
       -0.0218712445  -0.0814440332   0.0089380343   0.2963893217   0.0017644367
        0.0025169063  -0.0037979361   0.0039304494  -0.0013531083  -0.0028212055
       -0.0003297038  -0.0001197790   0.0008660783  -0.0020448708   0.0005742346
       -0.0013591701
       -0.0101293860  -0.0133795769   0.0053041802  -0.0114475876   0.0059059183
        0.0000695825   0.0008929163  -0.0006654118   0.0017644367   0.0241119941
        0.0076229983  -0.0047996602  -0.0012508733   0.0111683291  -0.0029706737
       -0.0030990516  -0.0114014184  -0.0005864247   0.0009219881   0.0007491615
        0.0012185592
        0.0158662840  -0.0704619450   0.0300140271  -0.0233406469  -0.0717737520
       -0.0166267168   0.0003452303   0.0006181195   0.0025169063   0.0076229983
        0.1460673314  -0.0135506201   0.0029267182  -0.0016159991   0.0014001437
       -0.0025530742  -0.0002667375  -0.0007633344  -0.0008675096  -0.0025670174
       -0.0029904059
       -0.0002640564  -0.0049720771  -0.0117997924   0.0056320292   0.0183618035
       -0.0091838515  -0.0005565394   0.0111818740  -0.0037979361  -0.0047996602
       -0.0135506201   0.0237421936   0.0007263103   0.0013824846   0.0005864278
        0.0011861488  -0.0011015340   0.0010873657  -0.0019242323  -0.0113019309
       -0.0006344071
       -0.2823033404   0.0442229630   0.0338106378  -0.0194018567  -0.0005632521
       -0.0022676088  -0.0078312378   0.0014388283   0.0039304494  -0.0012508733
        0.0029267182   0.0007263103   0.3104073237  -0.0489577580  -0.0338488676
       -0.0007261796   0.0019839438  -0.0022640371   0.0011061640  -0.0010514433
       -0.0000868840
        0.0419601302  -0.0466909028  -0.0065986181  -0.0044249761   0.0014528763
        0.0011687658   0.0017039840   0.0050613940  -0.0013531083   0.0111683291
       -0.0016159991   0.0013824846  -0.0489577580   0.0367330496   0.0057844293
       -0.0011152745   0.0092068341  -0.0016804911  -0.0003344346  -0.0041472522
        0.0012965377
        0.0391013114  -0.0054198177  -0.0487682031  -0.0214476960   0.0025332115
        0.0017056736   0.0223438402  -0.0040602166  -0.0028212055  -0.0029706737
        0.0014001437   0.0005864278  -0.0338488676   0.0057844293   0.0506050703
       -0.0018472274  -0.0006006153  -0.0020791392  -0.0013306869   0.0003628650
        0.0007713760
       -0.0187550293   0.0026218257  -0.0027474410  -0.2882647200  -0.0039579806
        0.0396639766   0.0011720267   0.0002849913  -0.0003297038  -0.0030990516
       -0.0025530742   0.0011861488  -0.0007261796  -0.0011152745  -0.0018472274
        0.3173042131   0.0035357623  -0.0399043604  -0.0076312591   0.0011837501
        0.0039786071
        0.0021624776   0.0003876264  -0.0005971857  -0.0006149192  -0.0394825399
       -0.0000238175  -0.0006739666  -0.0043097074  -0.0001197790  -0.0114014184
       -0.0002667375  -0.0011015340   0.0019839438   0.0092068341  -0.0006006153
        0.0035357623   0.0292011238   0.0035142331   0.0050081205   0.0052634004
       -0.0010713016
       -0.0223175569   0.0005899579   0.0021340875   0.0441336650  -0.0018423406
       -0.0499932557  -0.0012554200   0.0009541657   0.0008660783  -0.0005864247
       -0.0007633344   0.0010873657  -0.0022640371  -0.0016804911  -0.0020791392
       -0.0399043604   0.0035142331   0.0512076283   0.0221941341  -0.0007721906
       -0.0032227649
        0.0053016444  -0.0035158385  -0.0172535262  -0.0690069158   0.0166632758
        0.0771099416  -0.0014572156   0.0002063744  -0.0020448708   0.0009219881
       -0.0008675096  -0.0019242323   0.0011061640  -0.0003344346  -0.0013306869
       -0.0076312591   0.0050081205   0.0221941341   0.0707655940  -0.0171599880
       -0.0767507595
       -0.0015624817   0.0013403782   0.0016351127   0.0171103815  -0.0511125812
       -0.0499113548   0.0007306199   0.0092137851   0.0005742346   0.0007491615
       -0.0025670174  -0.0113019309  -0.0010514433  -0.0041472522   0.0003628650
        0.0011837501   0.0052634004  -0.0007721906  -0.0171599880   0.0420092871
        0.0594132640
        0.0020249891  -0.0013504594  -0.0228689699   0.0719329229  -0.0526172282
       -0.2576188351  -0.0023174349  -0.0026804066  -0.0013591701   0.0012185592
       -0.0029904059  -0.0006344071  -0.0000868840   0.0012965377   0.0007713760
        0.0039786071  -0.0010713016  -0.0032227649  -0.0767507595   0.0594132640
        0.2849327711
