$hessian                                                                        
        0.4502483936   0.0002957949   0.0223443698  -0.0569073912  -0.0511605882
       -0.0475843734  -0.0002072885   0.0001592512   0.0111674703  -0.0060927275
       -0.0140751116   0.0013801915  -0.0861708434   0.0859274101  -0.0477874705
       -0.2626791095  -0.0225806228   0.0209885771  -0.0409125382   0.0032908268
        0.0466485246   0.0027215048  -0.0018569605  -0.0071572894
        0.0002957949   0.5289500895  -0.0080685716  -0.0567281168  -0.2029883569
       -0.0927327530  -0.0064512391  -0.0131373271   0.0001334102  -0.0085543895
       -0.0419664832  -0.0008040605   0.0891835305  -0.1936294205   0.0809077713
       -0.0195099349  -0.0363364328   0.0027338922   0.0040349132  -0.0387274605
        0.0187335307  -0.0022705584  -0.0021646085  -0.0009032193
        0.0223443698  -0.0080685716   0.4477695935  -0.0461082240  -0.1017559862
       -0.0682689043   0.0099685662  -0.0163085330   0.0016123989  -0.0023990069
        0.0203535136  -0.0142457376  -0.0479970230   0.0833915214  -0.0878409024
        0.0258763300   0.0036692918  -0.0332233759   0.0408203517   0.0124772314
       -0.2487396735  -0.0025053638   0.0062415326   0.0029366014
       -0.0569073912  -0.0567281168  -0.0461082240   0.1445920526   0.2464071738
        0.0192963528   0.0040008111   0.0017655880  -0.0160509875  -0.0764512173
       -0.1666254854   0.0368867821  -0.0011058216   0.0053684540   0.0108838299
       -0.0139597625  -0.0244963880  -0.0129473562  -0.0006774990  -0.0027764065
       -0.0045455173   0.0005088280  -0.0029148189   0.0125851201
       -0.0511605882  -0.2029883569  -0.1017559862   0.2464071738   0.9334902863
       -0.0038921737  -0.0061317880  -0.0436130275   0.0252059164  -0.1654059304
       -0.6323467481   0.1116154640  -0.0071692879  -0.0298173966  -0.0070126348
       -0.0130270211  -0.0128480465  -0.0048924663  -0.0093051409  -0.0133316560
       -0.0202476442   0.0057925826   0.0014549453   0.0009795247
       -0.0475843734  -0.0927327530  -0.0682689043   0.0192963528  -0.0038921737
        0.1480416999  -0.0056159560   0.0572257290  -0.0090528231   0.0338951447
        0.0749057607  -0.0445894334   0.0069490138   0.0022100489  -0.0014459013
       -0.0045602528  -0.0022985708  -0.0066785572  -0.0044877416  -0.0262408892
       -0.0197213365   0.0021078126  -0.0091771518   0.0017152560
       -0.0002072885  -0.0064512391   0.0099685662   0.0040008111  -0.0061317880
       -0.0056159560   0.2937861480   0.2757520186   0.0143937325  -0.0710787497
       -0.1428044993   0.0338397623   0.0026676082  -0.0015415531  -0.0038495693
        0.0000872472  -0.0006427970  -0.0001949373   0.0002936091   0.0005966616
       -0.0008952636  -0.2295493853  -0.1187768038  -0.0476463346
        0.0001592512  -0.0131373271  -0.0163085330   0.0017655880  -0.0436130275
        0.0572257290   0.2757520186   0.7153673177  -0.1212666476  -0.1265221764
       -0.5677489810   0.1098430229  -0.0028537387  -0.0003130844   0.0007399323
       -0.0001810264  -0.0033074749  -0.0030383295  -0.0055137038  -0.0050425122
       -0.0007994170  -0.1426062124  -0.0822049107  -0.0263957572
        0.0111674703   0.0001334102   0.0016123989  -0.0160509875   0.0252059164
       -0.0090528231   0.0143937325  -0.1212666476   0.0888025481   0.0249266272
        0.1150728020  -0.0627467680  -0.0023326724  -0.0011997649   0.0033431232
        0.0001412987   0.0011074396   0.0024653345   0.0037769164  -0.0016272591
        0.0005467434  -0.0360223852  -0.0174258966  -0.0249705570
       -0.0060927275  -0.0085543895  -0.0023990069  -0.0764512173  -0.1654059304
        0.0338951447  -0.0710787497  -0.1265221764   0.0249266272   0.1682043522
        0.3235493629  -0.0610219579  -0.0009522357   0.0018172264  -0.0003520612
       -0.0019450912  -0.0021163544  -0.0008620611   0.0008524691  -0.0019371033
        0.0017645203  -0.0125367998  -0.0208306353   0.0040487948
       -0.0140751116  -0.0419664832   0.0203535136  -0.1666254854  -0.6323467481
        0.0749057607  -0.1428044993  -0.5677489810   0.1150728020   0.3235493629
        1.2899055889  -0.2230710773  -0.0027348722  -0.0091680701  -0.0052904460
        0.0021493668  -0.0031185645   0.0033821534   0.0056840115   0.0028571898
        0.0051621609  -0.0051427727  -0.0384139319   0.0094851327
        0.0013801915  -0.0008040605  -0.0142457376   0.0368867821   0.1116154640
       -0.0445894334   0.0338397623   0.1098430229  -0.0627467680  -0.0610219579
       -0.2230710773   0.1274306661  -0.0023176818   0.0025507865   0.0034715415
       -0.0003688343  -0.0023282954  -0.0015549922  -0.0045860667  -0.0035329891
       -0.0028724889  -0.0038121953   0.0057271488  -0.0048927876
       -0.0861708434   0.0891835305  -0.0479970230  -0.0011058216  -0.0071692879
        0.0069490138   0.0026676082  -0.0028537387  -0.0023326724  -0.0009522357
       -0.0027348722  -0.0023176818   0.1055270108  -0.0957083142   0.0547002550
       -0.0212715866   0.0242737254  -0.0131171525   0.0008662983  -0.0038910383
        0.0018638319   0.0004395702  -0.0011000046   0.0022514290
        0.0859274101  -0.1936294205   0.0833915214   0.0053684540  -0.0298173966
        0.0022100489  -0.0015415531  -0.0003130844  -0.0011997649   0.0018172264
       -0.0091680701   0.0025507865  -0.0957083142   0.2395095594  -0.0926463162
        0.0031005237  -0.0009646205   0.0011044576   0.0011452186  -0.0027807376
        0.0035121526  -0.0001089656  -0.0028362298   0.0010771142
       -0.0477874705   0.0809077713  -0.0878409024   0.0108838299  -0.0070126348
       -0.0014459013  -0.0038495693   0.0007399323   0.0033431232  -0.0003520612
       -0.0052904460   0.0034715415   0.0547002550  -0.0926463162   0.1004015859
       -0.0006157607   0.0001490729   0.0008136318  -0.0136371234   0.0241219077
       -0.0178325552   0.0006579002  -0.0009692873  -0.0009105235
       -0.2626791095  -0.0195099349   0.0258763300  -0.0139597625  -0.0130270211
       -0.0045602528   0.0000872472  -0.0001810264   0.0001412987  -0.0019450912
        0.0021493668  -0.0003688343  -0.0212715866   0.0031005237  -0.0006157607
        0.3124352732   0.0299549504  -0.0261568818  -0.0126571442  -0.0009935156
        0.0056166868  -0.0000098264  -0.0014933429   0.0000674141
       -0.0225806228  -0.0363364328   0.0036692918  -0.0244963880  -0.0128480465
       -0.0022985708  -0.0006427970  -0.0033074749   0.0011074396  -0.0021163544
       -0.0031185645  -0.0023282954   0.0242737254  -0.0009646205   0.0001490729
        0.0299549504   0.0557227739  -0.0013471773  -0.0017143296   0.0012014615
        0.0012112861  -0.0026781840  -0.0003490962  -0.0001630468
        0.0209885771   0.0027338922  -0.0332233759  -0.0129473562  -0.0048924663
       -0.0066785572  -0.0001949373  -0.0030383295   0.0024653345  -0.0008620611
        0.0033821534  -0.0015549922  -0.0131171525   0.0011044576   0.0008136318
       -0.0261568818  -0.0013471773   0.0461065045   0.0319738032   0.0027583050
       -0.0091136290   0.0003160086  -0.0007008351   0.0011850836
       -0.0409125382   0.0040349132   0.0408203517  -0.0006774990  -0.0093051409
       -0.0044877416   0.0002936091  -0.0055137038   0.0037769164   0.0008524691
        0.0056840115  -0.0045860667   0.0008662983   0.0011452186  -0.0136371234
       -0.0126571442  -0.0017143296   0.0319738032   0.0539072796   0.0055834557
       -0.0507421865  -0.0016724746   0.0000855753  -0.0031179531
        0.0032908268  -0.0387274605   0.0124772314  -0.0027764065  -0.0133316560
       -0.0262408892   0.0005966616  -0.0050425122  -0.0016272591  -0.0019371033
        0.0028571898  -0.0035329891  -0.0038910383  -0.0027807376   0.0241219077
       -0.0009935156   0.0012014615   0.0027583050   0.0055834557   0.0572626069
       -0.0072073736   0.0001271197  -0.0014388920  -0.0007489331
        0.0466485246   0.0187335307  -0.2487396735  -0.0045455173  -0.0202476442
       -0.0197213365  -0.0008952636  -0.0007994170   0.0005467434   0.0017645203
        0.0051621609  -0.0028724889   0.0018638319   0.0035121526  -0.0178325552
        0.0056166868   0.0012112861  -0.0091136290  -0.0507421865  -0.0072073736
        0.2983497686   0.0002894037  -0.0003646955  -0.0006168289
        0.0027215048  -0.0022705584  -0.0025053638   0.0005088280   0.0057925826
        0.0021078126  -0.2295493853  -0.1426062124  -0.0360223852  -0.0125367998
       -0.0051427727  -0.0038121953   0.0004395702  -0.0001089656   0.0006579002
       -0.0000098264  -0.0026781840   0.0003160086  -0.0016724746   0.0001271197
        0.0002894037   0.2400985831   0.1468869907   0.0389688192
       -0.0018569605  -0.0021646085   0.0062415326  -0.0029148189   0.0014549453
       -0.0091771518  -0.1187768038  -0.0822049107  -0.0174258966  -0.0208306353
       -0.0384139319   0.0057271488  -0.0011000046  -0.0028362298  -0.0009692873
       -0.0014933429  -0.0003490962  -0.0007008351   0.0000855753  -0.0014388920
       -0.0003646955   0.1468869907   0.1259527237   0.0166691849
       -0.0071572894  -0.0009032193   0.0029366014   0.0125851201   0.0009795247
        0.0017152560  -0.0476463346  -0.0263957572  -0.0249705570   0.0040487948
        0.0094851327  -0.0048927876   0.0022514290   0.0010771142  -0.0009105235
        0.0000674141  -0.0001630468   0.0011850836  -0.0031179531  -0.0007489331
       -0.0006168289   0.0389688192   0.0166691849   0.0255537559
