$hessian                                                                        
        0.4617794946   0.0335992988  -0.0047189111  -0.0491054128   0.0464165078
       -0.0078399940   0.0029486365  -0.0084780475   0.0061670921  -0.2446905232
       -0.0036432592   0.0653064782  -0.0367548559  -0.0095326715   0.0216782414
       -0.1152188225  -0.0725302064  -0.0879671617  -0.0189585167   0.0141683780
        0.0073742550
        0.0335992988   0.4299854034  -0.0096895560   0.0257798611  -0.1274531700
       -0.0051392221   0.0034801260  -0.0815326936   0.0040394336  -0.0006729477
       -0.0329289359   0.0000211700  -0.0064786877  -0.0779131218   0.0978798040
       -0.0703406866  -0.0956816364  -0.0835521072   0.0146330361  -0.0144758455
       -0.0035595224
       -0.0047189111  -0.0096895560   0.4541613324  -0.0068345791  -0.0115210649
       -0.0641416167   0.0055656979   0.0078022949   0.0190997228   0.0651710562
        0.0009380030  -0.0579567314   0.0217144337   0.0972581896  -0.2260175635
       -0.0882484860  -0.0813477128  -0.1295808994   0.0073507884  -0.0034401539
        0.0044357558
       -0.0491054128   0.0257798611  -0.0068345791   0.3690781864   0.2517996246
       -0.0827403837  -0.1752863253  -0.2988934537   0.0538482380  -0.0101554510
        0.0292182498   0.0033008220  -0.0042034351   0.0007435097   0.0011343306
       -0.0007989909  -0.0106542468   0.0009094493  -0.1295285714   0.0020064554
        0.0303821229
        0.0464165078  -0.1274531700  -0.0115210649   0.2517996246   0.8831335742
       -0.1164120519  -0.3121716459  -0.6946067610   0.1309529029   0.0122873159
       -0.0158450535  -0.0029078322   0.0001802805  -0.0230190509   0.0048207298
       -0.0014296128  -0.0252125111  -0.0021283202   0.0029175299   0.0030029724
       -0.0028043635
       -0.0078399940  -0.0051392221  -0.0641416167  -0.0827403837  -0.1164120519
        0.1797447603   0.0544822679   0.1266944985  -0.0760929026   0.0041288205
       -0.0081650912   0.0040658728  -0.0045242134   0.0208869408   0.0002691353
        0.0061550807  -0.0154124882  -0.0010184800   0.0303384220  -0.0024525859
       -0.0428267692
        0.0029486365   0.0034801260   0.0055656979  -0.1752863253  -0.3121716459
        0.0544822679   0.1965209153   0.3379066590  -0.0727683346  -0.0004404410
        0.0000804427  -0.0000585824   0.0030470531   0.0006488644  -0.0019427981
        0.0026137756   0.0022565980  -0.0006130532  -0.0294036143  -0.0322010442
        0.0153348025
       -0.0084780475  -0.0815326936   0.0078022949  -0.2988934537  -0.6946067610
        0.1266944985   0.3379066590   0.7968381154  -0.1458557433  -0.0053626529
        0.0045156584   0.0014573465   0.0014496745  -0.0009350981  -0.0035892936
        0.0031029948  -0.0003643981   0.0021461729  -0.0297251741  -0.0239148229
        0.0113447241
        0.0061670921   0.0040394336   0.0190997228   0.0538482380   0.1309529029
       -0.0760929026  -0.0727683346  -0.1458557433   0.0504574004   0.0002043673
       -0.0002840813  -0.0007184977   0.0000258183  -0.0028926834  -0.0005367498
       -0.0026794915   0.0019487901  -0.0006604305   0.0152023103   0.0120913813
        0.0084514573
       -0.2446905232  -0.0006729477   0.0651710562  -0.0101554510   0.0122873159
        0.0041288205  -0.0004404410  -0.0053626529   0.0002043673   0.2774318153
       -0.0036108035  -0.0764674259  -0.0040605803  -0.0012095358   0.0036068778
       -0.0165551588  -0.0034599638   0.0028135902  -0.0015296611   0.0020285879
        0.0005427140
       -0.0036432592  -0.0329289359   0.0009380030   0.0292182498  -0.0158450535
       -0.0081650912   0.0000804427   0.0045156584  -0.0002840813  -0.0036108035
        0.0440841583   0.0006101655  -0.0107924134   0.0014222928   0.0038388690
       -0.0128322772   0.0010656521   0.0034234374   0.0015800609  -0.0023137722
       -0.0003613025
        0.0653064782   0.0000211700  -0.0579567314   0.0033008220  -0.0029078322
        0.0040658728  -0.0000585824   0.0014573465  -0.0007184977  -0.0764674259
        0.0006101655   0.0575710101   0.0211507122   0.0038662579  -0.0080865100
       -0.0137930642  -0.0025501427   0.0047908029   0.0005610601  -0.0004969650
        0.0003340532
       -0.0367548559  -0.0064786877   0.0217144337  -0.0042034351   0.0001802805
       -0.0045242134   0.0030470531   0.0014496745   0.0000258183  -0.0040605803
       -0.0107924134   0.0211507122   0.0391181605   0.0098206696  -0.0219137103
        0.0021300728   0.0038286354  -0.0152099771   0.0007235848   0.0019918411
       -0.0012430634
       -0.0095326715  -0.0779131218   0.0972581896   0.0007435097  -0.0230190509
        0.0208869408   0.0006488644  -0.0009350981  -0.0028926834  -0.0012095358
        0.0014222928   0.0038662579   0.0098206696   0.0930718959  -0.1094290868
       -0.0008143120   0.0082482285  -0.0105001223   0.0003434757  -0.0008751464
        0.0008105041
        0.0216782414   0.0978798040  -0.2260175635   0.0011343306   0.0048207298
        0.0002691353  -0.0019427981  -0.0035892936  -0.0005367498   0.0036068778
        0.0038388690  -0.0080865100  -0.0219137103  -0.1094290868   0.2556483720
       -0.0021285951   0.0062819812  -0.0223991949  -0.0004343463   0.0001969964
        0.0011225109
       -0.1152188225  -0.0703406866  -0.0882484860  -0.0007989909  -0.0014296128
        0.0061550807   0.0026137756   0.0031029948  -0.0026794915  -0.0165551588
       -0.0128322772  -0.0137930642   0.0021300728  -0.0008143120  -0.0021285951
        0.1262281462   0.0806582176   0.0999421606   0.0016009776   0.0016556763
        0.0007523954
       -0.0725302064  -0.0956816364  -0.0813477128  -0.0106542468  -0.0252125111
       -0.0154124882   0.0022565980  -0.0003643981   0.0019487901  -0.0034599638
        0.0010656521  -0.0025501427   0.0038286354   0.0082482285   0.0062819812
        0.0806582176   0.1129507033   0.0917952898  -0.0000990340  -0.0010060382
       -0.0007157174
       -0.0879671617  -0.0835521072  -0.1295808994   0.0009094493  -0.0021283202
       -0.0010184800  -0.0006130532   0.0021461729  -0.0006604305   0.0028135902
        0.0034234374   0.0047908029  -0.0152099771  -0.0105001223  -0.0223991949
        0.0999421606   0.0917952898   0.1484805107   0.0001249919  -0.0011843505
        0.0003876911
       -0.0189585167   0.0146330361   0.0073507884  -0.1295285714   0.0029175299
        0.0303384220  -0.0294036143  -0.0297251741   0.0152023103  -0.0015296611
        0.0015800609   0.0005610601   0.0007235848   0.0003434757  -0.0004343463
        0.0016009776  -0.0000990340   0.0001249919   0.1770958011   0.0103501055
       -0.0531432265
        0.0141683780  -0.0144758455  -0.0034401539   0.0020064554   0.0030029724
       -0.0024525859  -0.0322010442  -0.0239148229   0.0120913813   0.0020285879
       -0.0023137722  -0.0004969650   0.0019918411  -0.0008751464   0.0001969964
        0.0016556763  -0.0010060382  -0.0011843505   0.0103501055   0.0395826528
       -0.0047143224
        0.0073742550  -0.0035595224   0.0044357558   0.0303821229  -0.0028043635
       -0.0428267692   0.0153348025   0.0113447241   0.0084514573   0.0005427140
       -0.0003613025   0.0003340532  -0.0012430634   0.0008105041   0.0011225109
        0.0007523954  -0.0007157174   0.0003876911  -0.0531432265  -0.0047143224
        0.0280953009
