$hessian                                                                        
        0.4414730101   0.0750717144  -0.0004190455  -0.1541594676   0.0062335095
       -0.0027884609   0.0046648098  -0.0172701037  -0.0012183684  -0.0264497985
       -0.0393401411   0.0009915487  -0.0850123640   0.0562221858   0.0024940241
       -0.0012177691  -0.0011987106  -0.0000849643  -0.0798489817  -0.0428893134
        0.0779870091  -0.0751780382  -0.0348969567  -0.0763914955  -0.0115118123
       -0.0001944220   0.0018702145  -0.0112715759  -0.0002751983  -0.0024440542
       -0.0014880126  -0.0014625638   0.0000035923
        0.0750717144   0.4070925589  -0.0064729565  -0.0047501349  -0.0326364849
       -0.0007647256  -0.0285927983  -0.0556910738  -0.0016656291  -0.0286307467
       -0.0325896460   0.0008039480   0.0282100350  -0.1524219678  -0.0025022332
        0.0001543690   0.0012985226  -0.0010196974  -0.0369612806  -0.0743086390
        0.0796966365  -0.0282177009  -0.0626616985  -0.0694326589   0.0121667298
        0.0001139232  -0.0005069868   0.0114790286   0.0002901114   0.0008807078
        0.0000707848   0.0015143937   0.0009835949
       -0.0004190455  -0.0064729565   0.4971844222  -0.0028920516   0.0015880202
       -0.0696302820  -0.0007137796  -0.0008031644   0.0088508389   0.0004925418
       -0.0005284889   0.0034353800   0.0015357895  -0.0034003990  -0.0496088045
        0.0009177593   0.0015266967  -0.0015567775   0.0749509068   0.0765237172
       -0.1872338739  -0.0726508637  -0.0671573860  -0.2007070918   0.0190911198
       -0.0014504586   0.0007234202  -0.0197436333   0.0014447320   0.0001446126
       -0.0005687434  -0.0012703127  -0.0016018443
       -0.1541594676  -0.0047501349  -0.0028920516   0.4397120344  -0.0754370460
       -0.0019697044   0.0051900467   0.0165769584  -0.0008522618  -0.0860055624
       -0.0570368526   0.0013216440  -0.0256546179   0.0392250625   0.0018243047
       -0.0014726826   0.0015029063   0.0000215700  -0.0116542629   0.0002897873
        0.0018789615  -0.0113974004   0.0004622377  -0.0024485992  -0.0789358502
        0.0413000752   0.0779603050  -0.0744180177   0.0366221083  -0.0747943356
       -0.0012042194   0.0012448978  -0.0000498325
        0.0062335095  -0.0326364849   0.0015880202  -0.0754370460   0.4087741704
        0.0045840733   0.0279642508  -0.0561623284   0.0002863190  -0.0290709819
       -0.1514632400   0.0003242505   0.0284746310  -0.0332373478  -0.0016189771
       -0.0000224880   0.0011331536  -0.0009227661  -0.0124213617   0.0002983730
        0.0004825970  -0.0109137477   0.0005466943  -0.0008407207   0.0354460539
       -0.0718521887  -0.0781440186   0.0298820321  -0.0663229761   0.0731763332
       -0.0001348519   0.0009221748   0.0010848894
       -0.0027884609  -0.0007647256  -0.0696302820  -0.0019697044   0.0045840733
        0.4974275338  -0.0001188461  -0.0005758352   0.0088765597   0.0009669782
        0.0012039511  -0.0495443315   0.0011016921  -0.0002646000   0.0034146877
       -0.0005530471   0.0013554868  -0.0015914124   0.0188430752   0.0012135809
        0.0007602683  -0.0199966778  -0.0012090172   0.0000968366   0.0748400579
       -0.0749387130  -0.1905307134  -0.0712215139   0.0708590264  -0.1977142648
        0.0008964468  -0.0014632275  -0.0015648819
        0.0046648098  -0.0285927983  -0.0007137796   0.0051900467   0.0279642508
       -0.0001188461   0.4266642656   0.0005433878  -0.0014385008  -0.1950901904
        0.0920205402   0.0043321378  -0.1968138552  -0.0910013698   0.0023368137
       -0.0213957945   0.0011391658  -0.0016169416  -0.0005065013  -0.0006061071
       -0.0003427415  -0.0003575275  -0.0005679131   0.0002795962  -0.0005469561
        0.0006596628  -0.0003131492  -0.0003896187   0.0006145729   0.0002667058
       -0.0214186784  -0.0021733920  -0.0026712947
       -0.0172701037  -0.0556910738  -0.0008031644   0.0165769584  -0.0561623284
       -0.0005758352   0.0005433878   0.5111120452   0.0017448210   0.0562007413
       -0.1094687995  -0.0017743944  -0.0553001220  -0.1077638113   0.0003798483
        0.0012152637  -0.0877387184   0.0881059132   0.0038178983  -0.0028181371
       -0.0016904139   0.0037099037  -0.0023616006   0.0017995335  -0.0038230126
       -0.0027773602   0.0016750119  -0.0037504568  -0.0023196087  -0.0018152385
       -0.0019204581  -0.0840106072  -0.0870460816
       -0.0012183684  -0.0016656291   0.0088508389  -0.0008522618   0.0002863190
        0.0088765597  -0.0014385008   0.0017448210   0.3473810810   0.0035420909
       -0.0024263720  -0.0469083545   0.0023539532   0.0010677929  -0.0468286972
       -0.0012820372   0.0843283751  -0.1308894973  -0.0006133202   0.0018733583
       -0.0014336406   0.0012922712  -0.0015893186  -0.0015186096  -0.0007148221
       -0.0018976017  -0.0014333437   0.0012279081   0.0015535723  -0.0015192706
       -0.0022969129  -0.0832753173  -0.1345770662
       -0.0264497985  -0.0286307467   0.0004925418  -0.0860055624  -0.0290709819
        0.0009669782  -0.1950901904   0.0562007413   0.0035420909   0.4124236843
       -0.0468026924  -0.0081662421  -0.0942404326   0.0011751400   0.0021680021
       -0.0092576818   0.0127047824  -0.0069325761  -0.0016209656   0.0024927175
       -0.0016858916  -0.0010440360   0.0021169847   0.0017558715   0.0050515084
        0.0091646459  -0.0014700232   0.0051745021   0.0080151075   0.0015126746
       -0.0089410275   0.0126343017   0.0078165738
       -0.0393401411  -0.0325896460  -0.0005284889  -0.0570368526  -0.1514632400
        0.0012039511   0.0920205402  -0.1094687995  -0.0024263720  -0.0468026924
        0.3949336568   0.0006520664  -0.0001032294   0.0061976867   0.0007482913
        0.0238218583  -0.0220229358   0.0045678993  -0.0008706377   0.0001257245
       -0.0015388616  -0.0004286515  -0.0000610356   0.0014600346   0.0024878110
       -0.0320162329  -0.0075941788   0.0027013714  -0.0322905251   0.0095601642
        0.0235506238  -0.0213446532  -0.0061045055
        0.0009915487   0.0008039480   0.0034353800   0.0013216440   0.0003242505
       -0.0495443315   0.0043321378  -0.0017743944  -0.0469083545  -0.0081662421
        0.0006520664   0.0689901440   0.0021399740  -0.0008680336   0.0123580733
       -0.0125343712   0.0110393314   0.0024463637   0.0015398751  -0.0007510184
       -0.0002359851  -0.0021125863   0.0005748697  -0.0003641063  -0.0045296368
       -0.0215821424   0.0045456766   0.0039227949   0.0234731572   0.0038343976
        0.0130948620  -0.0118920345   0.0014427422
       -0.0850123640   0.0282100350   0.0015357895  -0.0256546179   0.0284746310
        0.0011016921  -0.1968138552  -0.0553001220   0.0023539532  -0.0942404326
       -0.0001032294   0.0021399740   0.4135197294   0.0466918160  -0.0070556130
       -0.0093582010  -0.0126910031   0.0076058857   0.0049085133  -0.0096236768
       -0.0015926974   0.0050468982  -0.0085375872   0.0012126186  -0.0016372098
       -0.0024950908  -0.0017224082  -0.0010670998  -0.0022011498   0.0016918692
       -0.0096913606  -0.0124246227  -0.0072710638
        0.0562221858  -0.1524219678  -0.0034003990   0.0392250625  -0.0332373478
       -0.0002646000  -0.0910013698  -0.1077638113   0.0010677929   0.0011751400
        0.0061976867  -0.0008680336   0.0466918160   0.3938154635   0.0063985957
       -0.0239662770  -0.0215061576   0.0055045321  -0.0028180644  -0.0324358605
        0.0068239825  -0.0032086907  -0.0313933819  -0.0103319527   0.0008642285
        0.0001385191   0.0015623500   0.0004968369   0.0000464959  -0.0014815654
       -0.0236808678  -0.0214396384  -0.0050107025
        0.0024940241  -0.0025022332  -0.0496088045   0.0018243047  -0.0016189771
        0.0034146877   0.0023368137   0.0003798483  -0.0468286972   0.0021680021
        0.0007482913   0.0123580733  -0.0070556130   0.0063985957   0.0690494930
        0.0127134188   0.0112250517   0.0018238051  -0.0043334006   0.0208474480
        0.0051584030   0.0035789300  -0.0242611384   0.0031284801   0.0015581912
        0.0007456457  -0.0001927336  -0.0021101520  -0.0005389311  -0.0004121629
       -0.0131745191  -0.0114236009   0.0021094559
       -0.0012177691   0.0001543690   0.0009177593  -0.0014726826  -0.0000224880
       -0.0005530471  -0.0213957945   0.0012152637  -0.0012820372  -0.0092576818
        0.0238218583  -0.0125343712  -0.0093582010  -0.0239662770   0.0127134188
        0.0397782464  -0.0012592135   0.0015112573  -0.0005691342  -0.0008567235
        0.0002006697  -0.0002555976  -0.0001152684   0.0003013204  -0.0001683291
        0.0001608805  -0.0003185905  -0.0005387371   0.0007731076  -0.0002834404
        0.0044556806   0.0000944914  -0.0006729391
       -0.0011987106   0.0012985226   0.0015266967   0.0015029063   0.0011331536
        0.0013554868   0.0011391658  -0.0877387184   0.0843283751   0.0127047824
       -0.0220229358   0.0110393314  -0.0126910031  -0.0215061576   0.0112250517
       -0.0012592135   0.1259025620  -0.1034251554  -0.0005480227  -0.0008795378
        0.0002653043  -0.0008812430  -0.0002235514   0.0001347888   0.0008220935
       -0.0002296490   0.0001823571   0.0005161560  -0.0008143076   0.0003601476
       -0.0001069110   0.0050806193  -0.0069923842
       -0.0000849643  -0.0010196974  -0.0015567775   0.0000215700  -0.0009227661
       -0.0015914124  -0.0016169416   0.0881059132  -0.1308894973  -0.0069325761
        0.0045678993   0.0024463637   0.0076058857   0.0055045321   0.0018238051
        0.0015112573  -0.1034251554   0.1617441284   0.0000505213   0.0001390160
       -0.0000652673   0.0000785056  -0.0004352943   0.0001174866  -0.0000438237
       -0.0004206504   0.0001329349   0.0000003798   0.0000968005  -0.0000578682
       -0.0005898141   0.0078094025  -0.0321038961
       -0.0798489817  -0.0369612806   0.0749509068  -0.0116542629  -0.0124213617
        0.0188430752  -0.0005065013   0.0038178983  -0.0006133202  -0.0016209656
       -0.0008706377   0.0015398751   0.0049085133  -0.0028180644  -0.0043334006
       -0.0005691342  -0.0005480227   0.0000505213   0.0894634424   0.0489935442
       -0.0839989525   0.0043549483   0.0023031450  -0.0077186351  -0.0047986742
       -0.0002054793   0.0002792677   0.0004509615  -0.0004344573   0.0010591538
       -0.0001793456  -0.0008552836  -0.0000584914
       -0.0428893134  -0.0743086390   0.0765237172   0.0002897873   0.0002983730
        0.0012135809  -0.0006061071  -0.0028181371   0.0018733583   0.0024927175
        0.0001257245  -0.0007510184  -0.0096236768  -0.0324358605   0.0208474480
       -0.0008567235  -0.0008795378   0.0001390160   0.0489935442   0.1030307535
       -0.0931511960   0.0018293731   0.0060979356  -0.0067961671   0.0002661227
        0.0002528282  -0.0001427709   0.0002511029   0.0008632443  -0.0001701952
       -0.0001468270  -0.0002266847   0.0004142271
        0.0779870091   0.0796966365  -0.1872338739   0.0018789615   0.0004825970
        0.0007602683  -0.0003427415  -0.0016904139  -0.0014336406  -0.0016858916
       -0.0015388616  -0.0002359851  -0.0015926974   0.0068239825   0.0051584030
        0.0002006697   0.0002653043  -0.0000652673  -0.0839989525  -0.0931511960
        0.2084268549   0.0087610346   0.0093717161  -0.0275124254   0.0002872160
        0.0001383628   0.0004385163  -0.0011708877  -0.0001980876   0.0015599433
       -0.0003237204  -0.0002000401   0.0001372066
       -0.0751780382  -0.0282177009  -0.0726508637  -0.0113974004  -0.0109137477
       -0.0199966778  -0.0003575275   0.0037099037   0.0012922712  -0.0010440360
       -0.0004286515  -0.0021125863   0.0050468982  -0.0032086907   0.0035789300
       -0.0002555976  -0.0008812430   0.0000785056   0.0043549483   0.0018293731
        0.0087610346   0.0842561754   0.0391841682   0.0827156403   0.0004524430
       -0.0002120511  -0.0011743341  -0.0053235065  -0.0003040090  -0.0004796314
       -0.0005543585  -0.0005573512  -0.0000122883
       -0.0348969567  -0.0626616985  -0.0671573860   0.0004622377   0.0005466943
       -0.0012090172  -0.0005679131  -0.0023616006  -0.0015893186   0.0021169847
       -0.0000610356   0.0005748697  -0.0085375872  -0.0313933819  -0.0242611384
       -0.0001152684  -0.0002235514  -0.0004352943   0.0023031450   0.0060979356
        0.0093717161   0.0391841682   0.0896988074   0.0844257032   0.0004246592
        0.0008531378   0.0001999033   0.0003889624   0.0002961433   0.0001934827
       -0.0007624318  -0.0007914505  -0.0001135204
       -0.0763914955  -0.0694326589  -0.2007070918  -0.0024485992  -0.0008407207
        0.0000968366   0.0002795962   0.0017995335  -0.0015186096   0.0017558715
        0.0014600346  -0.0003641063   0.0012126186  -0.0103319527   0.0031284801
        0.0003013204   0.0001347888   0.0001174866  -0.0077186351  -0.0067961671
       -0.0275124254   0.0827156403   0.0844257032   0.2247484134   0.0010719133
        0.0001399441   0.0015677768  -0.0004739355  -0.0001942935   0.0005136955
       -0.0003042949  -0.0003642115  -0.0000704559
       -0.0115118123   0.0121667298   0.0190911198  -0.0789358502   0.0354460539
        0.0748400579  -0.0005469561  -0.0038230126  -0.0007148221   0.0050515084
        0.0024878110  -0.0045296368  -0.0016372098   0.0008642285   0.0015581912
       -0.0001683291   0.0008220935  -0.0000438237  -0.0047986742   0.0002661227
        0.0002872160   0.0004524430   0.0004246592   0.0010719133   0.0883407810
       -0.0470500312  -0.0839420623   0.0043070165  -0.0021102640  -0.0076807431
       -0.0005529173   0.0005056091   0.0000625898
       -0.0001944220   0.0001139232  -0.0014504586   0.0413000752  -0.0718521887
       -0.0749387130   0.0006596628  -0.0027773602  -0.0018976017   0.0091646459
       -0.0320162329  -0.0215821424  -0.0024950908   0.0001385191   0.0007456457
        0.0001608805  -0.0002296490  -0.0004206504  -0.0002054793   0.0002528282
        0.0001383628  -0.0002120511   0.0008531378   0.0001399441  -0.0470500312
        0.1002145303   0.0918219936  -0.0019841714   0.0061839668   0.0076013935
        0.0008559813  -0.0008814746  -0.0001577736
        0.0018702145  -0.0005069868   0.0007234202   0.0779603050  -0.0781440186
       -0.1905307134  -0.0003131492   0.0016750119  -0.0014333437  -0.0014700232
       -0.0075941788   0.0045456766  -0.0017224082   0.0015623500  -0.0001927336
       -0.0003185905   0.0001823571   0.0001329349   0.0002792677  -0.0001427709
        0.0004385163  -0.0011743341   0.0001999033   0.0015677768  -0.0839420623
        0.0918219936   0.2123703398   0.0086153630  -0.0087541894  -0.0275494547
        0.0002154174  -0.0002994713  -0.0000724192
       -0.0112715759   0.0114790286  -0.0197436333  -0.0744180177   0.0298820321
       -0.0712215139  -0.0003896187  -0.0037504568   0.0012279081   0.0051745021
        0.0027013714   0.0039227949  -0.0010670998   0.0004968369  -0.0021101520
       -0.0005387371   0.0005161560   0.0000003798   0.0004509615   0.0002511029
       -0.0011708877  -0.0053235065   0.0003889624  -0.0004739355   0.0043070165
       -0.0019841714   0.0086153630   0.0833197970  -0.0408167729   0.0808506190
       -0.0002437215   0.0008359108   0.0001030577
       -0.0002751983   0.0002901114   0.0014447320   0.0366221083  -0.0663229761
        0.0708590264   0.0006145729  -0.0023196087   0.0015535723   0.0080151075
       -0.0322905251   0.0234731572  -0.0022011498   0.0000464959  -0.0005389311
        0.0007731076  -0.0008143076   0.0000968005  -0.0004344573   0.0008632443
       -0.0001980876  -0.0003040090   0.0002961433  -0.0001942935  -0.0021102640
        0.0061839668  -0.0087541894  -0.0408167729   0.0943053037  -0.0881688925
        0.0001169552  -0.0002378481   0.0004271059
       -0.0024440542   0.0008807078   0.0001446126  -0.0747943356   0.0731763332
       -0.1977142648   0.0002667058  -0.0018152385  -0.0015192706   0.0015126746
        0.0095601642   0.0038343976   0.0016918692  -0.0014815654  -0.0004121629
       -0.0002834404   0.0003601476  -0.0000578682   0.0010591538  -0.0001701952
        0.0015599433  -0.0004796314   0.0001934827   0.0005136955  -0.0076807431
        0.0076013935  -0.0275494547   0.0808506190  -0.0881688925   0.2210730553
        0.0003011824  -0.0001363374   0.0001273169
       -0.0014880126   0.0000707848  -0.0005687434  -0.0012042194  -0.0001348519
        0.0008964468  -0.0214186784  -0.0019204581  -0.0022969129  -0.0089410275
        0.0235506238   0.0130948620  -0.0096913606  -0.0236808678  -0.0131745191
        0.0044556806  -0.0001069110  -0.0005898141  -0.0001793456  -0.0001468270
       -0.0003237204  -0.0005543585  -0.0007624318  -0.0003042949  -0.0005529173
        0.0008559813   0.0002154174  -0.0002437215   0.0001169552   0.0003011824
        0.0398179610   0.0021580026   0.0027500962
       -0.0014625638   0.0015143937  -0.0012703127   0.0012448978   0.0009221748
       -0.0014632275  -0.0021733920  -0.0840106072  -0.0832753173   0.0126343017
       -0.0213446532  -0.0118920345  -0.0124246227  -0.0214396384  -0.0114236009
        0.0000944914   0.0050806193   0.0078094025  -0.0008552836  -0.0002266847
       -0.0002000401  -0.0005573512  -0.0007914505  -0.0003642115   0.0005056091
       -0.0008814746  -0.0002994713   0.0008359108  -0.0002378481  -0.0001363374
        0.0021580026   0.1214151689   0.1025151506
        0.0000035923   0.0009835949  -0.0016018443  -0.0000498325   0.0010848894
       -0.0015648819  -0.0026712947  -0.0870460816  -0.1345770662   0.0078165738
       -0.0061045055   0.0014427422  -0.0072710638  -0.0050107025   0.0021094559
       -0.0006729391  -0.0069923842  -0.0321038961  -0.0000584914   0.0004142271
        0.0001372066  -0.0000122883  -0.0001135204  -0.0000704559   0.0000625898
       -0.0001577736  -0.0000724192   0.0001030577   0.0004271059   0.0001273169
        0.0027500962   0.1025151506   0.1661738419
