$hessian                                                                        
        0.3980703253  -0.0281052243   0.0217778233  -0.1577483240   0.0129714066
        0.1672908738  -0.2403220014   0.0151338176  -0.1890686970
       -0.0281052243   0.0020501595   0.0047774265   0.0134023463  -0.0011154686
       -0.0154999117   0.0147028780  -0.0009346909   0.0107224852
        0.0217778233   0.0047774265   0.6070083412   0.2086320734  -0.0184423280
       -0.3447015095  -0.2304098967   0.0136649015  -0.2623068318
       -0.1577483240   0.0134023463   0.2086320734   0.1414947382  -0.0119764620
       -0.1828211451   0.0162535858  -0.0014258843  -0.0258109283
        0.0129714066  -0.0011154686  -0.0184423280  -0.0119764620   0.0010291214
        0.0169522058  -0.0009949447   0.0000863471   0.0014901222
        0.1672908738  -0.0154999117  -0.3447015095  -0.1828211451   0.0169522058
        0.3779847241   0.0155302714  -0.0014522941  -0.0332832146
       -0.2403220014   0.0147028780  -0.2304098967   0.0162535858  -0.0009949447
        0.0155302714   0.2240684156  -0.0137079333   0.2148796253
        0.0151338176  -0.0009346909   0.0136649015  -0.0014258843   0.0000863471
       -0.0014522941  -0.0137079333   0.0008483438  -0.0122126074
       -0.1890686970   0.0107224852  -0.2623068318  -0.0258109283   0.0014901222
       -0.0332832146   0.2148796253  -0.0122126074   0.2955900464
