$hessian                                                                        
        0.8529213510   0.2695361043  -0.0076978198  -0.6959529039  -0.2466848830
        0.0114049590  -0.0807165404  -0.0122041370  -0.0687861046  -0.0762519067
       -0.0106470842   0.0650789654
        0.2695361043   0.2461036896  -0.0032400100  -0.2465195078  -0.1418316595
        0.0043707356  -0.0122870602  -0.0524058249  -0.0258096722  -0.0107295363
       -0.0518662051   0.0246789466
       -0.0076978198  -0.0032400100   0.4697208067   0.0113911667   0.0043685599
       -0.0809098771  -0.0705940008  -0.0263764939  -0.1919056201   0.0669006539
        0.0252479440  -0.1969053095
       -0.6959529039  -0.2465195078   0.0113911667   0.7809319769   0.2910664681
       -0.0132666932  -0.0434158140  -0.0226061045  -0.0197723335  -0.0415632590
       -0.0219408559   0.0216478600
       -0.2466848830  -0.1418316595   0.0043685599   0.2910664681   0.1267820405
       -0.0050976283  -0.0225082534   0.0074115403  -0.0075104146  -0.0218733317
        0.0076380788   0.0082394830
        0.0114049590   0.0043707356  -0.0809098771  -0.0132666932  -0.0050976283
        0.0669399474  -0.0349000792  -0.0132916996   0.0080285305   0.0367618133
        0.0140185924   0.0059413991
       -0.0807165404  -0.0122870602  -0.0705940008  -0.0434158140  -0.0225082534
       -0.0349000792   0.1167555800   0.0380739529   0.0976100471   0.0073767744
       -0.0032786393   0.0078840329
       -0.0122041370  -0.0524058249  -0.0263764939  -0.0226061045   0.0074115403
       -0.0132916996   0.0380739529   0.0303116578   0.0366719046  -0.0032637114
        0.0146826269   0.0029962890
       -0.0687861046  -0.0258096722  -0.1919056201  -0.0197723335  -0.0075104146
        0.0080285305   0.0976100471   0.0366719046   0.2132052481  -0.0090516090
       -0.0033518178  -0.0293281585
       -0.0762519067  -0.0107295363   0.0669006539  -0.0415632590  -0.0218733317
        0.0367618133   0.0073767744  -0.0032637114  -0.0090516090   0.1104383914
        0.0358665794  -0.0946108582
       -0.0106470842  -0.0518662051   0.0252479440  -0.0219408559   0.0076380788
        0.0140185924  -0.0032786393   0.0146826269  -0.0033518178   0.0358665794
        0.0295454995  -0.0359147186
        0.0650789654   0.0246789466  -0.1969053095   0.0216478600   0.0082394830
        0.0059413991   0.0078840329   0.0029962890  -0.0293281585  -0.0946108582
       -0.0359147186   0.2202920689
