$hessian                                                                        
        0.6469534921   0.3053136952  -0.4011445725  -0.6062278370  -0.2632366428
        0.3815062887  -0.0407256551  -0.0420770524   0.0196382838
        0.3053136952   0.3623968641  -0.1356938594  -0.2552337226  -0.1470085114
        0.1517357361  -0.0500799726  -0.2153883527  -0.0160418767
       -0.4011445725  -0.1356938594   0.2618983065   0.3834717715   0.1576255208
       -0.2435056078   0.0176728009  -0.0219316614  -0.0183926986
       -0.6062278370  -0.2552337226   0.3834717715   0.6175544640   0.2963867190
       -0.3817006537  -0.0113266269  -0.0411529964  -0.0017711178
       -0.2632366428  -0.1470085114   0.1576255208   0.2963867190   0.1715938317
       -0.1759844179  -0.0331500762  -0.0245853203   0.0183588971
        0.3815062887   0.1517357361  -0.2435056078  -0.3817006537  -0.1759844179
        0.2376932794   0.0001943650   0.0242486819   0.0058123285
       -0.0407256551  -0.0500799726   0.0176728009  -0.0113266269  -0.0331500762
        0.0001943650   0.0520522820   0.0832300488  -0.0178671660
       -0.0420770524  -0.2153883527  -0.0219316614  -0.0411529964  -0.0245853203
        0.0242486819   0.0832300488   0.2399736730  -0.0023170205
        0.0196382838  -0.0160418767  -0.0183926986  -0.0017711178   0.0183588971
        0.0058123285  -0.0178671660  -0.0023170205   0.0125803702
