$hessian                                                                        
        0.4713459419   0.0747504905  -0.0560701262  -0.1303810691  -0.0149171291
       -0.0414906299   0.0077349184  -0.0122031980   0.0024939679  -0.0100270428
       -0.0274049581  -0.0055215514  -0.0785709856   0.0352266861  -0.0141643224
       -0.0518571889   0.0207430179   0.0420998105  -0.1916665982  -0.0715535063
        0.0916680545  -0.0193158711  -0.0028320984  -0.0125015747   0.0018249827
       -0.0005853464  -0.0014822135   0.0009129126  -0.0012239582  -0.0050314146
        0.0747504905   0.4430406702   0.0648538276  -0.0095963105  -0.0580590785
       -0.0087348176  -0.0155104825  -0.0597442912  -0.0055833512  -0.0194215947
       -0.0264680331  -0.0121616235   0.0173720972  -0.1324631855   0.0194559065
        0.0243690035  -0.0988994634  -0.1056630306  -0.0765869996  -0.0734181329
        0.0440359390   0.0048513057   0.0031857608   0.0037304908   0.0027447429
        0.0028211783   0.0015783684  -0.0029722524   0.0000045754  -0.0015117095
       -0.0560701262   0.0648538276   0.4877455132  -0.0419823731  -0.0128120367
       -0.1044723953   0.0028612995  -0.0030411291   0.0083588756  -0.0062899849
       -0.0180908150  -0.0022921309  -0.0125044116   0.0328904848  -0.0766808808
        0.0426118272  -0.0994931278  -0.2105799484   0.0912958215   0.0389131556
       -0.0964057977   0.0040753410   0.0002805763   0.0055340408  -0.0191383595
       -0.0032975535  -0.0152790611  -0.0048590339  -0.0002033823   0.0040717845
       -0.1303810691  -0.0095963105  -0.0419823731   0.4952901281  -0.0758716528
       -0.0239010378   0.0019019328   0.0210804950  -0.0050292266  -0.0714658575
       -0.0271997961  -0.0029623602  -0.0170579925   0.0248324208  -0.0157434080
        0.0026444872   0.0002180149  -0.0009147303  -0.0183003961  -0.0041581886
       -0.0116353207  -0.2156534463   0.0766987578   0.0751117989  -0.0474728548
       -0.0056596844   0.0324898291   0.0004950683  -0.0003440561  -0.0054331713
       -0.0149171291  -0.0580590785  -0.0128120367  -0.0758716528   0.3847650188
       -0.0428079870   0.0244046156  -0.0455302674   0.0232848498  -0.0093440247
       -0.1496917234   0.0010362220   0.0168490129  -0.0093074364   0.0137159692
       -0.0083203202   0.0004448073  -0.0068832475  -0.0066411030   0.0010820565
       -0.0044456696   0.0812734837  -0.0719013288  -0.0345099342  -0.0088258138
       -0.0528291155   0.0617304083   0.0013929315   0.0010270673   0.0016914257
       -0.0414906299  -0.0087348176  -0.1044723953  -0.0239010378  -0.0428079870
        0.5220606326  -0.0052857628   0.0207775963  -0.0000308852  -0.0046656163
       -0.0123953986  -0.0665401723  -0.0149935430   0.0196479184  -0.0124227465
       -0.0173080057  -0.0046799696  -0.0137155288   0.0057516267   0.0016615584
        0.0066214814   0.0724851124  -0.0296228270  -0.0739282992   0.0349887123
        0.0557963530  -0.2610432802  -0.0055808559   0.0003575736   0.0034711935
        0.0077349184  -0.0155104825   0.0028612995   0.0019019328   0.0244046156
       -0.0052857628   0.5057529025   0.0190549630   0.2702725194  -0.2561275189
        0.1088569646  -0.1595482749  -0.2168626622  -0.1571071665  -0.1048712190
       -0.0020366520   0.0008443969  -0.0019194467  -0.0016079331  -0.0014933886
       -0.0007677255  -0.0016193949   0.0016880638  -0.0012008093  -0.0017645017
       -0.0008913819  -0.0014508337  -0.0353710908   0.0201534156   0.0019102529
       -0.0122031980  -0.0597442912  -0.0030411291   0.0210804950  -0.0455302674
        0.0207775963   0.0190549630   0.7838599670  -0.0453246227   0.0901389761
       -0.1414782629   0.0758458500  -0.1384021077  -0.2374057984  -0.0876972408
        0.0009498633  -0.0047306373   0.0018512770   0.0015269073  -0.0045474558
        0.0008882056  -0.0015585360  -0.0050798100   0.0000869182  -0.0007635409
       -0.0048405767  -0.0009117675   0.0201761780  -0.2805028674   0.0375249129
        0.0024939679  -0.0055833512   0.0083588756  -0.0050292266   0.0232848498
       -0.0000308852   0.2702725194  -0.0453246227   0.3537426741  -0.1577277578
        0.0899796534  -0.1860713044  -0.1065868926  -0.1018320373  -0.1294053662
       -0.0008774224  -0.0013737104  -0.0008300531  -0.0020997903   0.0017430346
       -0.0014537292  -0.0014181226  -0.0009007330  -0.0009241458  -0.0009106281
        0.0024440533  -0.0010000333   0.0018833532   0.0375628635  -0.0423860327
       -0.0100270428  -0.0194215947  -0.0062899849  -0.0714658575  -0.0093440247
       -0.0046656163  -0.2561275189   0.0901389761  -0.1577277578   0.4177581218
       -0.0602102282   0.2580926309  -0.0800406504  -0.0275262102  -0.0838593819
       -0.0012527751   0.0011998190   0.0009913400  -0.0009767684   0.0010003649
       -0.0019908026   0.0047401609   0.0258645176  -0.0009615172   0.0023895723
       -0.0042857186   0.0002858049  -0.0049972419   0.0025840987  -0.0038747151
       -0.0274049581  -0.0264680331  -0.0180908150  -0.0271997961  -0.1496917234
       -0.0123953986   0.1088569646  -0.1414782629   0.0899796534  -0.0602102282
        0.3776192090  -0.0732853487  -0.0113719463  -0.0002749455  -0.0053487352
       -0.0040158941  -0.0011270107  -0.0011657965  -0.0021210143  -0.0013434668
       -0.0033776000   0.0030293887  -0.0251534831  -0.0009242173  -0.0022939506
       -0.0207194284   0.0063845522   0.0227314344  -0.0113628552   0.0182237057
       -0.0055215514  -0.0121616235  -0.0022921309  -0.0029623602   0.0010362220
       -0.0665401723  -0.1595482749   0.0758458500  -0.1860713044   0.2580926309
       -0.0732853487   0.2852801369  -0.0853826190  -0.0174726633  -0.0282883062
       -0.0014143708   0.0009315076  -0.0007105093   0.0011971117   0.0008618426
       -0.0008018274  -0.0011069445  -0.0092612829   0.0032014672   0.0023951992
        0.0305061916   0.0010715906  -0.0057488209   0.0029993047  -0.0048489442
       -0.0785709856   0.0173720972  -0.0125044116  -0.0170579925   0.0168490129
       -0.0149935430  -0.2168626622  -0.1384021077  -0.1065868926  -0.0800406504
       -0.0113719463  -0.0853826190   0.3873682599   0.1313135881   0.2170731268
        0.0006710749   0.0082901594  -0.0012850010   0.0084711075  -0.0202397118
        0.0052825186  -0.0011236482  -0.0016469016  -0.0020914993  -0.0016618429
       -0.0009728983   0.0011232842  -0.0011926604  -0.0011912920  -0.0006349632
        0.0352266861  -0.1324631855   0.0328904848   0.0248324208  -0.0093074364
        0.0196479184  -0.1571071665  -0.2374057984  -0.1018320373  -0.0275262102
       -0.0002749455  -0.0174726633   0.1313135881   0.4520447334   0.0647586845
        0.0075799113  -0.0275351937   0.0028236450   0.0013084894  -0.0233249803
        0.0090483756   0.0023740576  -0.0004468335   0.0029683501   0.0033468392
       -0.0006401807   0.0013704018  -0.0213486157  -0.0206461795  -0.0142031596
       -0.0141643224   0.0194559065  -0.0766808808  -0.0157434080   0.0137159692
       -0.0124227465  -0.1048712190  -0.0876972408  -0.1294053662  -0.0838593819
       -0.0053487352  -0.0282883062   0.2170731268   0.0647586845   0.2412386859
        0.0049702487  -0.0206377351   0.0095937610  -0.0029053792   0.0167432462
       -0.0023494538   0.0006312091  -0.0008052834  -0.0015375310  -0.0023802596
       -0.0011939631  -0.0007815091   0.0012493855   0.0010091511   0.0006333467
       -0.0518571889   0.0243690035   0.0426118272   0.0026444872  -0.0083203202
       -0.0173080057  -0.0020366520   0.0009498633  -0.0008774224  -0.0012527751
       -0.0040158941  -0.0014143708   0.0006710749   0.0075799113   0.0049702487
        0.0584702115  -0.0283687861  -0.0454855375  -0.0060693520   0.0096475002
        0.0213480924   0.0012680547  -0.0007791154  -0.0013765107  -0.0021176674
       -0.0009080323  -0.0022006925   0.0002798071  -0.0001541301  -0.0002676286
        0.0207430179  -0.0988994634  -0.0994931278   0.0002180149   0.0004448073
       -0.0046799696   0.0008443969  -0.0047306373  -0.0013737104   0.0011998190
       -0.0011270107   0.0009315076   0.0082901594  -0.0275351937  -0.0206377351
       -0.0283687861   0.1237627510   0.1172242397  -0.0021524990   0.0074244750
        0.0067508190   0.0005050571   0.0008777832   0.0004956279  -0.0001494386
        0.0001615663   0.0000066063  -0.0011297416  -0.0003790778   0.0007757424
        0.0420998105  -0.1056630306  -0.2105799484  -0.0009147303  -0.0068832475
       -0.0137155288  -0.0019194467   0.0018512770  -0.0008300531   0.0009913400
       -0.0011657965  -0.0007105093  -0.0012850010   0.0028236450   0.0095937610
       -0.0454855375   0.1172242397   0.2311266175   0.0074497450  -0.0071481877
       -0.0146257238   0.0008604339  -0.0000305761   0.0013349948  -0.0022471304
       -0.0008991142  -0.0015090608   0.0004505166  -0.0001092090  -0.0000845492
       -0.1916665982  -0.0765869996   0.0912958215  -0.0183003961  -0.0066411030
        0.0057516267  -0.0016079331   0.0015269073  -0.0020997903  -0.0009767684
       -0.0021210143   0.0011971117   0.0084711075   0.0013084894  -0.0029053792
       -0.0060693520  -0.0021524990   0.0074497450   0.2117119732   0.0860418469
       -0.1001123223  -0.0028073712  -0.0010799999  -0.0019490403   0.0012264417
       -0.0001656020   0.0009352026   0.0000188965  -0.0001300257   0.0004370247
       -0.0715535063  -0.0734181329   0.0389131556  -0.0041581886   0.0010820565
        0.0016615584  -0.0014933886  -0.0045474558   0.0017430346   0.0010003649
       -0.0013434668   0.0008618426  -0.0202397118  -0.0233249803   0.0167432462
        0.0096475002   0.0074244750  -0.0071481877   0.0860418469   0.0937127110
       -0.0517726149  -0.0000186890   0.0001720294  -0.0000849060   0.0004071562
        0.0008128306   0.0003372871   0.0003666161  -0.0005700668  -0.0012544159
        0.0916680545   0.0440359390  -0.0964057977  -0.0116353207  -0.0044456696
        0.0066214814  -0.0007677255   0.0008882056  -0.0014537292  -0.0019908026
       -0.0033776000  -0.0008018274   0.0052825186   0.0090483756  -0.0023494538
        0.0213480924   0.0067508190  -0.0146257238  -0.1001123223  -0.0517726149
        0.1080380032  -0.0020728619  -0.0005643966  -0.0008270246  -0.0014746710
       -0.0005530634   0.0014409623  -0.0002449616  -0.0000099947   0.0003631095
       -0.0193158711   0.0048513057   0.0040753410  -0.2156534463   0.0812734837
        0.0724851124  -0.0016193949  -0.0015585360  -0.0014181226   0.0047401609
        0.0030293887  -0.0011069445  -0.0011236482   0.0023740576   0.0006312091
        0.0012680547   0.0005050571   0.0008604339  -0.0028073712  -0.0000186890
       -0.0020728619   0.2397687840  -0.0930332447  -0.0796961325  -0.0052970774
        0.0022925361   0.0060855093   0.0000398096   0.0002846409   0.0001564557
       -0.0028320984   0.0031857608   0.0002805763   0.0766987578  -0.0719013288
       -0.0296228270   0.0016880638  -0.0050798100  -0.0009007330   0.0258645176
       -0.0251534831  -0.0092612829  -0.0016469016  -0.0004468335  -0.0008052834
       -0.0007791154   0.0008777832  -0.0000305761  -0.0010799999   0.0001720294
       -0.0005643966  -0.0930332447   0.0929909564   0.0375830454  -0.0045177492
        0.0055000875   0.0018642310  -0.0003622299  -0.0001451619   0.0014572462
       -0.0125015747   0.0037304908   0.0055340408   0.0751117989  -0.0345099342
       -0.0739282992  -0.0012008093   0.0000869182  -0.0009241458  -0.0009615172
       -0.0009242173   0.0032014672  -0.0020914993   0.0029683501  -0.0015375310
       -0.0013765107   0.0004956279   0.0013349948  -0.0019490403  -0.0000849060
       -0.0008270246  -0.0796961325   0.0375830454   0.0807030136   0.0248098063
       -0.0094798606  -0.0134753136  -0.0001445212   0.0001344855  -0.0000812021
        0.0018249827   0.0027447429  -0.0191383595  -0.0474728548  -0.0088258138
        0.0349887123  -0.0017645017  -0.0007635409  -0.0009106281   0.0023895723
       -0.0022939506   0.0023951992  -0.0016618429   0.0033468392  -0.0023802596
       -0.0021176674  -0.0001494386  -0.0022471304   0.0012264417   0.0004071562
       -0.0014746710  -0.0052970774  -0.0045177492   0.0248098063   0.0528115923
        0.0098846669  -0.0358373950   0.0000613552   0.0001670881  -0.0002052742
       -0.0005853464   0.0028211783  -0.0032975535  -0.0056596844  -0.0528291155
        0.0557963530  -0.0008913819  -0.0048405767   0.0024440533  -0.0042857186
       -0.0207194284   0.0305061916  -0.0009728983  -0.0006401807  -0.0011939631
       -0.0009080323   0.0001615663  -0.0008991142  -0.0001656020   0.0008128306
       -0.0005530634   0.0022925361   0.0055000875  -0.0094798606   0.0098846669
        0.0700696021  -0.0726225744   0.0012914610  -0.0003359634  -0.0007004687
       -0.0014822135   0.0015783684  -0.0152790611   0.0324898291   0.0617304083
       -0.2610432802  -0.0014508337  -0.0009117675  -0.0010000333   0.0002858049
        0.0063845522   0.0010715906   0.0011232842   0.0013704018  -0.0007815091
       -0.0022006925   0.0000066063  -0.0015090608   0.0009352026   0.0003372871
        0.0014409623   0.0060855093   0.0018642310  -0.0134753136  -0.0358373950
       -0.0726225744   0.2904899531   0.0000515046   0.0002624868   0.0000857520
        0.0009129126  -0.0029722524  -0.0048590339   0.0004950683   0.0013929315
       -0.0055808559  -0.0353710908   0.0201761780   0.0018833532  -0.0049972419
        0.0227314344  -0.0057488209  -0.0011926604  -0.0213486157   0.0012493855
        0.0002798071  -0.0011297416   0.0004505166   0.0000188965   0.0003666161
       -0.0002449616   0.0000398096  -0.0003622299  -0.0001445212   0.0000613552
        0.0012914610   0.0000515046   0.0397531438  -0.0201457813   0.0129434337
       -0.0012239582   0.0000045754  -0.0002033823  -0.0003440561   0.0010270673
        0.0003575736   0.0201534156  -0.2805028674   0.0375628635   0.0025840987
       -0.0113628552   0.0029993047  -0.0011912920  -0.0206461795   0.0010091511
       -0.0001541301  -0.0003790778  -0.0001092090  -0.0001300257  -0.0005700668
       -0.0000099947   0.0002846409  -0.0001451619   0.0001344855   0.0001670881
       -0.0003359634   0.0002624868  -0.0201457813   0.3129105292  -0.0420032792
       -0.0050314146  -0.0015117095   0.0040717845  -0.0054331713   0.0016914257
        0.0034711935   0.0019102529   0.0375249129  -0.0423860327  -0.0038747151
        0.0182237057  -0.0048489442  -0.0006349632  -0.0142031596   0.0006333467
       -0.0002676286   0.0007757424  -0.0000845492   0.0004370247  -0.0012544159
        0.0003631095   0.0001564557   0.0014572462  -0.0000812021  -0.0002052742
       -0.0007004687   0.0000857520   0.0129434337  -0.0420032792   0.0387755422
