           1           2   1.0016325391320073     
           2           4  0.90098132154406263     
           3           4   1.4403864242433935     
           1           5  0.90098419803017105     
           3           5   1.4403899931283675     
           4           5  0.18144928215731890     
           1           6  0.95016806355844174     
           1           7  0.95019262813357275     
           2           8  0.95019812449497321     
           2           9  0.95016479840218082     
           3          10  0.90748946654905382     
