$hessian                                                                        
        0.8104253439  -0.3811806149  -0.0441111350  -0.7634882772   0.3807134021
        0.0435603708  -0.0469370667   0.0004672128   0.0005507642
       -0.3811806149   0.4560426562   0.0464130727   0.3706257447  -0.2304304691
       -0.0253763148   0.0105548702  -0.2256121871  -0.0210367579
       -0.0441111350   0.0464130727   0.0047811049   0.0426248694  -0.0254853724
       -0.0028242599   0.0014862656  -0.0209277003  -0.0019568450
       -0.7634882772   0.3706257447   0.0426248694   0.7582678906  -0.4152575711
       -0.0467074638   0.0052203866   0.0446318265   0.0040825944
        0.3807134021  -0.2304304691  -0.0254853724  -0.4152575711   0.2653663627
        0.0290986871   0.0345441690  -0.0349358935  -0.0036133147
        0.0435603708  -0.0253763148  -0.0028242599  -0.0467074638   0.0290986871
        0.0032034856   0.0031470930  -0.0037223722  -0.0003792257
       -0.0469370667   0.0105548702   0.0014862656   0.0052203866   0.0345441690
        0.0031470930   0.0417166802  -0.0450990393  -0.0046333586
        0.0004672128  -0.2256121871  -0.0209277003   0.0446318265  -0.0349358935
       -0.0037223722  -0.0450990393   0.2605480806   0.0246500726
        0.0005507642  -0.0210367579  -0.0019568450   0.0040825944  -0.0036133147
       -0.0003792257  -0.0046333586   0.0246500726   0.0023360707
