$hessian                                                                        
        0.5276123800  -0.0154450249  -0.0121418594  -0.1029586957  -0.0400961495
       -0.0444820879   0.0003839610   0.0005693741   0.0011008948   0.0048201562
       -0.0047504986   0.0038407265  -0.0002969120   0.0000118243  -0.0007431973
       -0.0831499715  -0.0014080701   0.0870486821  -0.0483955563   0.0418637600
       -0.0180816869  -0.2883104180   0.0339691859  -0.0046828512  -0.0149908904
       -0.0199669532  -0.0167014724   0.0052859468   0.0052525520   0.0048428517
       -0.0154450249   0.4724484522  -0.0172309544  -0.0435328247  -0.0856155781
       -0.0657374511  -0.0098819222   0.0018214956   0.0005486782  -0.0043567322
       -0.0547281654  -0.0015006076   0.0060805754  -0.0030770131  -0.0004331224
       -0.0023229164  -0.0406567465   0.0031971971   0.0407818358  -0.2397756052
        0.0864628982   0.0319059583  -0.0458939178  -0.0006739106  -0.0022108661
       -0.0011776830  -0.0001233241  -0.0010180829  -0.0033452387  -0.0045094032
       -0.0121418594  -0.0172309544   0.5161626674  -0.0428436348  -0.0554510824
       -0.1275465690   0.0006445891   0.0002218237   0.0014714964   0.0041385502
       -0.0007407109   0.0084289618  -0.0007326786   0.0005250248  -0.0006151669
        0.0886951150   0.0066297224  -0.2571550173  -0.0182407753   0.0872765787
       -0.0762092318  -0.0060631604   0.0014422798  -0.0466801950  -0.0026380828
       -0.0026612915  -0.0005325254  -0.0108180630  -0.0200113902  -0.0173244202
       -0.1029586957  -0.0435328247  -0.0428436348   0.5223044864   0.0100322013
       -0.0284429725  -0.0175896884   0.0198495788  -0.0076361376  -0.0295643247
       -0.0001372256   0.0001818318   0.0029009453   0.0010016663   0.0027400699
        0.0052260521   0.0054708377   0.0046053740   0.0011720039   0.0016900013
        0.0020461583  -0.0176282874  -0.0228428635  -0.0200196004  -0.2834644220
        0.0218193171   0.0048216492  -0.0803980697   0.0066493112   0.0845472620
       -0.0400961495  -0.0856155781  -0.0554510824   0.0100322013   0.2166302848
        0.0690298869   0.0222608531  -0.0200099932  -0.0072111503  -0.0081848024
       -0.0125767406   0.0089328597  -0.0037664781  -0.0024685787   0.0049827544
        0.0030449856  -0.0052086419  -0.0045745064  -0.0068410496  -0.0256082873
       -0.0081741108  -0.0041858210  -0.0028952647   0.0028738487   0.0268298466
       -0.0315596923  -0.0032955374   0.0009064139  -0.0306875078  -0.0071129625
       -0.0444820879  -0.0657374511  -0.1275465690  -0.0284429725   0.0690298869
        0.4823808732  -0.0031817778  -0.0089209662  -0.0059145071  -0.0015472916
        0.0299121728  -0.0416092950   0.0010549927   0.0050345811   0.0014466682
       -0.0134184235  -0.0224861564  -0.0216298664   0.0034228737   0.0058981561
        0.0033066967  -0.0038905033  -0.0027252832  -0.0022062641   0.0011338449
        0.0002183905  -0.0418417462   0.0893513453  -0.0102233307  -0.2463859902
        0.0003839610  -0.0098819222   0.0006445891  -0.0175896884   0.0222608531
       -0.0031817778   0.8171361201  -0.9438878610  -0.0587189699  -0.3515732654
        0.3776322993   0.0450449339  -0.4473201526   0.5495798801   0.0192100978
       -0.0003464641   0.0014667911   0.0006412879  -0.0006779079   0.0001641481
       -0.0013256769   0.0002251066   0.0002026738  -0.0002495911  -0.0029967639
        0.0060569395  -0.0022448554   0.0027590546  -0.0035938018   0.0001799625
        0.0005693741   0.0018214956   0.0002218237   0.0198495788  -0.0200099932
       -0.0089209662  -0.9438878610   1.3737649068   0.0591870546   0.3704491310
       -0.5256187189  -0.0266131519   0.5510070934  -0.8231026074  -0.0255630516
        0.0003048073  -0.0018978110  -0.0007923795  -0.0001835462  -0.0012464953
       -0.0003219988  -0.0006588131  -0.0007705843   0.0003043265   0.0030023507
       -0.0052981181   0.0021465587  -0.0004521149   0.0023579257   0.0003517844
        0.0011008948   0.0005486782   0.0014714964  -0.0076361376  -0.0072111503
       -0.0059145071  -0.0587189699   0.0591870546   0.1154551170   0.0491591627
       -0.0342114769  -0.0545834768   0.0180602990  -0.0237590964  -0.0556592176
        0.0004840528  -0.0009502148  -0.0003317777  -0.0000963270  -0.0005621645
        0.0001064935  -0.0003011119  -0.0003690419   0.0004791850  -0.0000389488
        0.0026886245  -0.0007659451  -0.0020129141   0.0046387875  -0.0002573675
        0.0048201562  -0.0043567322   0.0041385502  -0.0295643247  -0.0081848024
       -0.0015472916  -0.3515732654   0.3704491310   0.0491591627   0.3921296055
       -0.4177993047  -0.0467269757  -0.0146825418   0.0443010429   0.0008352685
        0.0000575693  -0.0000726608   0.0002024553  -0.0006974186  -0.0017356239
       -0.0006007492   0.0004817837  -0.0010858713   0.0010263786  -0.0026809210
        0.0221804518  -0.0096356266   0.0017093567  -0.0036956304   0.0031488278
       -0.0047504986  -0.0547281654  -0.0007407109  -0.0001372256  -0.0125767406
        0.0299121728   0.3776322993  -0.5256187189  -0.0342114769  -0.4177993047
        0.6448656840   0.0039362080   0.0408085930  -0.0198832413  -0.0094540734
       -0.0010097052   0.0027559624   0.0014449639  -0.0046047889  -0.0022979865
       -0.0066021511   0.0018750330   0.0033311530  -0.0002300319   0.0046425424
       -0.0166746417   0.0063301902   0.0033430553  -0.0191733050   0.0096149093
        0.0038407265  -0.0015006076   0.0084289618   0.0001818318   0.0089328597
       -0.0416092950   0.0450449339  -0.0266131519  -0.0545834768  -0.0467269757
        0.0039362080   0.0754349000   0.0033288045  -0.0134762792   0.0240598527
        0.0008166714  -0.0001997446   0.0008517799  -0.0004009473  -0.0026364719
        0.0002914738   0.0001409847  -0.0005780555   0.0007319652  -0.0018146970
        0.0059001432  -0.0016301281  -0.0044113328   0.0262350998  -0.0119760335
       -0.0002969120   0.0060805754  -0.0007326786   0.0029009453  -0.0037664781
        0.0010549927  -0.4473201526   0.5510070934   0.0180602990  -0.0146825418
        0.0408085930   0.0033288045   0.4582223367  -0.5936270824  -0.0223926282
        0.0003078799  -0.0008713099  -0.0006634627   0.0011465465  -0.0003794139
        0.0009917833  -0.0003727535  -0.0002233494   0.0001678299   0.0012697559
       -0.0002579859  -0.0001511724  -0.0011751044   0.0012293579   0.0003362325
        0.0000118243  -0.0030770131   0.0005250248   0.0010016663  -0.0024685787
        0.0050345811   0.5495798801  -0.8231026074  -0.0237590964   0.0443010429
       -0.0198832413  -0.0134762792  -0.5936270824   0.8494189980   0.0317448547
       -0.0001971369   0.0009582661   0.0007316205  -0.0004364388   0.0005833044
       -0.0004620407   0.0004170141  -0.0002103724  -0.0002758914  -0.0017889917
       -0.0005968840   0.0007024162   0.0007382223  -0.0016218716  -0.0007651895
       -0.0007431973  -0.0004331224  -0.0006151669   0.0027400699   0.0049827544
        0.0014466682   0.0192100978  -0.0255630516  -0.0556592176   0.0008352685
       -0.0094540734   0.0240598527  -0.0223926282   0.0317448547   0.0301383873
       -0.0000992011   0.0000125129   0.0001385016   0.0000133376   0.0003444641
        0.0000707981   0.0000961124   0.0000676320  -0.0003669586  -0.0001163576
       -0.0009918381   0.0007411035   0.0004564981  -0.0007101324   0.0000460318
       -0.0831499715  -0.0023229164   0.0886951150   0.0052260521   0.0030449856
       -0.0134184235  -0.0003464641   0.0003048073   0.0004840528   0.0000575693
       -0.0010097052   0.0008166714   0.0003078799  -0.0001971369  -0.0000992011
        0.0894442778   0.0039052873  -0.0991155195   0.0027443745   0.0002271615
       -0.0034371876  -0.0150193636  -0.0007251904   0.0288645051   0.0008326738
       -0.0003638657  -0.0012124742  -0.0000970283  -0.0028634269  -0.0015775384
       -0.0014080701  -0.0406567465   0.0066297224   0.0054708377  -0.0052086419
       -0.0224861564   0.0014667911  -0.0018978110  -0.0009502148  -0.0000726608
        0.0027559624  -0.0001997446  -0.0008713099   0.0009582661   0.0000125129
        0.0039052873   0.0472848192  -0.0029320386  -0.0097982066  -0.0026667172
        0.0269889140   0.0028514157   0.0010734091  -0.0042321495   0.0004094789
        0.0002527472   0.0002629445  -0.0019535632  -0.0018952875  -0.0030937897
        0.0870486821   0.0031971971  -0.2571550173   0.0046053740  -0.0045745064
       -0.0216298664   0.0006412879  -0.0007923795  -0.0003317777   0.0002024553
        0.0014449639   0.0008517799  -0.0006634627   0.0007316205   0.0001385016
       -0.0991155195  -0.0029320386   0.2949620901   0.0057569760   0.0045780413
       -0.0147727649   0.0029169946   0.0005091893  -0.0008564457   0.0004031334
        0.0003989240   0.0000523455  -0.0017959211  -0.0025610117  -0.0012588453
       -0.0483955563   0.0407818358  -0.0182407753   0.0011720039  -0.0068410496
        0.0034228737  -0.0006779079  -0.0001835462  -0.0000963270  -0.0006974186
       -0.0046047889  -0.0004009473   0.0011465465  -0.0004364388   0.0000133376
        0.0027443745  -0.0097982066   0.0057569760   0.0535974324  -0.0465114575
        0.0213266092  -0.0090931367   0.0286018770  -0.0119884942   0.0000920468
       -0.0004933628  -0.0000689923   0.0001116153  -0.0005148623   0.0002757397
        0.0418637600  -0.2397756052   0.0872765787   0.0016900013  -0.0256082873
        0.0058981561   0.0001641481  -0.0012464953  -0.0005621645  -0.0017356239
       -0.0022979865  -0.0026364719  -0.0003794139   0.0005833044   0.0003444641
        0.0002271615  -0.0026667172   0.0045780413  -0.0465114575   0.2768060467
       -0.0987278750   0.0045971866  -0.0060136366   0.0036579041  -0.0001255729
        0.0001227191   0.0003107625   0.0002098107   0.0000966580  -0.0001393955
       -0.0180816869   0.0864628982  -0.0762092318   0.0020461583  -0.0081741108
        0.0033066967  -0.0013256769  -0.0003219988   0.0001064935  -0.0006007492
       -0.0066021511   0.0002914738   0.0009917833  -0.0004620407   0.0000707981
       -0.0034371876   0.0269889140  -0.0147727649   0.0213266092  -0.0987278750
        0.0864983983  -0.0009898180   0.0020033241   0.0003789446   0.0001952988
       -0.0007139852   0.0004042800  -0.0001247310  -0.0004529748  -0.0000750883
       -0.2883104180   0.0319059583  -0.0060631604  -0.0176282874  -0.0041858210
       -0.0038905033   0.0002251066  -0.0006588131  -0.0003011119   0.0004817837
        0.0018750330   0.0001409847  -0.0003727535   0.0004170141   0.0000961124
       -0.0150193636   0.0028514157   0.0029169946  -0.0090931367   0.0045971866
       -0.0009898180   0.3294454301  -0.0356655286   0.0097160963  -0.0003075671
       -0.0017114817  -0.0020036387   0.0005792060   0.0005750368   0.0003780442
        0.0339691859  -0.0458939178   0.0014422798  -0.0228428635  -0.0028952647
       -0.0027252832   0.0002026738  -0.0007705843  -0.0003690419  -0.0010858713
        0.0033311530  -0.0005780555  -0.0002233494  -0.0002103724   0.0000676320
       -0.0007251904   0.0010734091   0.0005091893   0.0286018770  -0.0060136366
        0.0020033241  -0.0356655286   0.0529169743   0.0018878353  -0.0022846882
       -0.0017266884  -0.0028237053   0.0000537547   0.0001889278   0.0005858255
       -0.0046828512  -0.0006739106  -0.0466801950  -0.0200196004   0.0028738487
       -0.0022062641  -0.0002495911   0.0003043265   0.0004791850   0.0010263786
       -0.0002300319   0.0007319652   0.0001678299  -0.0002758914  -0.0003669586
        0.0288645051  -0.0042321495  -0.0008564457  -0.0119884942   0.0036579041
        0.0003789446   0.0097160963   0.0018878353   0.0489885251  -0.0016889264
       -0.0034390878  -0.0009942512  -0.0011453466   0.0001271567   0.0005254946
       -0.0149908904  -0.0022108661  -0.0026380828  -0.2834644220   0.0268298466
        0.0011338449  -0.0029967639   0.0030023507  -0.0000389488  -0.0026809210
        0.0046425424  -0.0018146970   0.0012697559  -0.0017889917  -0.0001163576
        0.0008326738   0.0004094789   0.0004031334   0.0000920468  -0.0001255729
        0.0001952988  -0.0003075671  -0.0022846882  -0.0016889264   0.3153058880
       -0.0291112565   0.0014520660  -0.0130598002   0.0006371569   0.0031126696
       -0.0199669532  -0.0011776830  -0.0026612915   0.0218193171  -0.0315596923
        0.0002183905   0.0060569395  -0.0052981181   0.0026886245   0.0221804518
       -0.0166746417   0.0059001432  -0.0002579859  -0.0005968840  -0.0009918381
       -0.0003638657   0.0002527472   0.0003989240  -0.0004933628   0.0001227191
       -0.0007139852  -0.0017114817  -0.0017266884  -0.0034390878  -0.0291112565
        0.0539267523  -0.0002849233   0.0018481976   0.0027314889  -0.0011149564
       -0.0167014724  -0.0001233241  -0.0005325254   0.0048216492  -0.0032955374
       -0.0418417462  -0.0022448554   0.0021465587  -0.0007659451  -0.0096356266
        0.0063301902  -0.0016301281  -0.0001511724   0.0007024162   0.0007411035
       -0.0012124742   0.0002629445   0.0000523455  -0.0000689923   0.0003107625
        0.0004042800  -0.0020036387  -0.0028237053  -0.0009942512   0.0014520660
       -0.0002849233   0.0455885583   0.0257445168  -0.0032253821  -0.0010216911
        0.0052859468  -0.0010180829  -0.0108180630  -0.0803980697   0.0009064139
        0.0893513453   0.0027590546  -0.0004521149  -0.0020129141   0.0017093567
        0.0033430553  -0.0044113328  -0.0011751044   0.0007382223   0.0004564981
       -0.0000970283  -0.0019535632  -0.0017959211   0.0001116153   0.0002098107
       -0.0001247310   0.0005792060   0.0000537547  -0.0011453466  -0.0130598002
        0.0018481976   0.0257445168   0.0842848231  -0.0036756934  -0.0952440515
        0.0052525520  -0.0033452387  -0.0200113902   0.0066493112  -0.0306875078
       -0.0102233307  -0.0035938018   0.0023579257   0.0046387875  -0.0036956304
       -0.0191733050   0.0262350998   0.0012293579  -0.0016218716  -0.0007101324
       -0.0028634269  -0.0018952875  -0.0025610117  -0.0005148623   0.0000966580
       -0.0004529748   0.0005750368   0.0001889278   0.0001271567   0.0006371569
        0.0027314889  -0.0032253821  -0.0036756934   0.0513482101   0.0061831777
        0.0048428517  -0.0045094032  -0.0173244202   0.0845472620  -0.0071129625
       -0.2463859902   0.0001799625   0.0003517844  -0.0002573675   0.0031488278
        0.0096149093  -0.0119760335   0.0003362325  -0.0007651895   0.0000460318
       -0.0015775384  -0.0030937897  -0.0012588453   0.0002757397  -0.0001393955
       -0.0000750883   0.0003780442   0.0005858255   0.0005254946   0.0031126696
       -0.0011149564  -0.0010216911  -0.0952440515   0.0061831777   0.2777279098
