           1           2   1.0430539197544746     
           2           4  0.69217849695224742     
           3           4   1.6688966893653658     
           3           5   2.1978498886818674     
           4           5  0.33249317804221878     
           1           6  0.97015944519315089     
           1           7  0.93195795686012894     
           1           8  0.97447130158662265     
           2           9  0.95038933758974042     
           2          10  0.95627710533258248     
