$hessian                                                                        
        0.3222719272   0.2051392864   0.0618669814  -0.1581635686  -0.0460723021
       -0.0665677723  -0.0075728793  -0.0022627288   0.0024722623  -0.0147061673
       -0.0261452424  -0.0031443665   0.0113364692   0.0212238202  -0.0035125021
       -0.0340815179  -0.0096362785  -0.0291422339  -0.0803803274  -0.1098713163
        0.0507253288  -0.0026635318  -0.0230382473   0.0006152230  -0.0323913506
       -0.0088067911  -0.0107935613  -0.0045594572  -0.0007262311  -0.0046866850
        0.0009104037   0.0001960309   0.0021673258
        0.2051392864   0.3447113568  -0.0962644269  -0.0583318641  -0.0716694847
       -0.0260863433   0.0081426313   0.0021390210  -0.0022016351  -0.0317544523
       -0.0305881611  -0.0070112330  -0.0073118567  -0.0380723143  -0.0007686226
       -0.0097766297  -0.0330755494   0.0267071660  -0.1013165895  -0.2069756319
        0.1013279561  -0.0023963478   0.0287559063   0.0027306985   0.0000718028
        0.0051560189   0.0036659290  -0.0015818202   0.0002195947  -0.0027231348
       -0.0008841602  -0.0006007562   0.0006236461
        0.0618669814  -0.0962644269   0.5193819011  -0.0665340339  -0.0222639989
       -0.1029387533   0.0033295355   0.0015718976   0.0017544949   0.0040793414
        0.0049109829   0.0058559266  -0.0006804697  -0.0094806054   0.0004429270
       -0.0182757950   0.0188490007  -0.3099182633   0.0463944807   0.1045504083
       -0.0961277838  -0.0008463187   0.0083130548  -0.0040244831  -0.0036386480
        0.0006757184   0.0028917189  -0.0253492472  -0.0103514193  -0.0175467287
       -0.0003458264  -0.0005106121   0.0002290436
       -0.1581635686  -0.0583318641  -0.0665340339   0.4553841766  -0.0246575251
        0.0096093744  -0.0008897475   0.0277935982  -0.0066525390  -0.0618633219
       -0.0273710561   0.0112383080   0.0034298349   0.0015507387  -0.0005601496
       -0.0043060295  -0.0021914714  -0.0024300757  -0.0081958331  -0.0049229952
       -0.0055794984  -0.0034429471   0.0059928158  -0.0014179846  -0.1828346996
        0.0783293469   0.0489350654  -0.0372022542   0.0017417033   0.0152428927
       -0.0019156101   0.0020667090  -0.0018513593
       -0.0460723021  -0.0716694847  -0.0222639989  -0.0246575251   0.3303166306
        0.0260981098   0.0233144716  -0.0515731687   0.0106678445  -0.0280360913
       -0.0981116243   0.0144638867  -0.0007143500  -0.0024400409  -0.0021962417
        0.0001733624   0.0002038072  -0.0016574813  -0.0203476984  -0.0056534933
       -0.0051775548   0.0011641756   0.0071437015   0.0015451777   0.0921615262
       -0.0726945666  -0.0296526870   0.0009099949  -0.0378585145   0.0058153924
        0.0021044361   0.0023367538   0.0023575527
       -0.0665677723  -0.0260863433  -0.1029387533   0.0096093744   0.0260981098
        0.4972309347   0.0026541117   0.0127151448  -0.0028372377   0.0082257529
        0.0183490469  -0.0633355225  -0.0082710748  -0.0065213791  -0.0010654460
       -0.0267669210  -0.0064347344  -0.0129761016   0.0082565449   0.0033857412
        0.0031224583  -0.0010904188   0.0028979814  -0.0028090313   0.0554468595
       -0.0257261242  -0.0541676235   0.0185921617   0.0004396707  -0.2671298057
       -0.0000886182   0.0008828860   0.0069061286
       -0.0075728793   0.0081426313   0.0033295355  -0.0008897475   0.0233144716
        0.0026541117   0.7955451893  -0.0231143287  -0.0306835054  -0.2876328454
        0.1782588137  -0.0323513356  -0.4407792470  -0.0704887279   0.0421013242
        0.0001929717  -0.0005055032  -0.0009357549   0.0018832095  -0.0020919637
       -0.0010602118  -0.0152778277  -0.0545899881   0.0039168636  -0.0007829769
        0.0017333085  -0.0005408085   0.0004295366  -0.0033204857   0.0002054139
       -0.0451153833  -0.0573382279   0.0133643673
       -0.0022627288   0.0021390210   0.0015718976   0.0277935982  -0.0515731687
        0.0127151448  -0.0231143287   0.6617868969  -0.1045643022   0.1620399404
       -0.2394606408   0.0230933975  -0.0720049732  -0.1155566306   0.0072359601
        0.0015393592  -0.0029387120  -0.0005927735   0.0002075570   0.0006169807
       -0.0001287534  -0.0362990771  -0.0085474998   0.0086092135  -0.0001899798
       -0.0064097405   0.0019323305   0.0000575975  -0.0024396073  -0.0006287294
       -0.0577669648  -0.2376168987   0.0507566146
        0.0024722623  -0.0022016351   0.0017544949  -0.0066525390   0.0106678445
       -0.0028372377  -0.0306835054  -0.1045643022   0.1756564799  -0.0216190245
        0.0281010118  -0.0595122563   0.0390101616   0.0133154742  -0.0600552344
       -0.0006164862   0.0000095874  -0.0004006557  -0.0001893307  -0.0001245997
        0.0001408148   0.0059375866   0.0069849442   0.0008615429   0.0002396030
        0.0002524847   0.0002737433  -0.0004213999   0.0033866257  -0.0002525425
        0.0125226724   0.0441725647  -0.0556291492
       -0.0147061673  -0.0317544523   0.0040793414  -0.0618633219  -0.0280360913
        0.0082257529  -0.2876328454   0.1620399404  -0.0216190245   0.4767443268
       -0.1674727526   0.0127210852  -0.1099784174   0.0306971147  -0.0006320588
        0.0008520693  -0.0001700325   0.0010795973  -0.0038914965  -0.0023474308
       -0.0029650175   0.0010903204   0.0117969102   0.0011420937   0.0012545711
        0.0227116745  -0.0053545940  -0.0007128850  -0.0025868853   0.0019312541
       -0.0011561541   0.0051220050   0.0013915704
       -0.0261452424  -0.0305881611   0.0049109829  -0.0273710561  -0.0981116243
        0.0183490469   0.1782588137  -0.2394606408   0.0281010118  -0.1674727526
        0.4458214716  -0.0704664140   0.0201328568   0.0141390556   0.0067075191
       -0.0001470290   0.0031876993   0.0014937097  -0.0013495922  -0.0038159361
       -0.0044059382  -0.0013913514  -0.0117782168  -0.0044179571   0.0019208684
       -0.0296910301   0.0066899066  -0.0032214477  -0.0170347821   0.0108175118
        0.0267859324  -0.0326678352   0.0022206207
       -0.0031443665  -0.0070112330   0.0058559266   0.0112383080   0.0144638867
       -0.0633355225  -0.0323513356   0.0230933975  -0.0595122563   0.0127210852
       -0.0704664140   0.1004568519   0.0138592284   0.0076807681   0.0249360689
        0.0010813388  -0.0019575837   0.0006527403  -0.0012605282   0.0000922961
        0.0004149768   0.0005905849  -0.0028257477  -0.0001802355   0.0001732325
       -0.0040456743   0.0017667062   0.0027090456   0.0327346816  -0.0108495862
       -0.0056165932   0.0082416227  -0.0002056703
        0.0113364692  -0.0073118567  -0.0006804697   0.0034298349  -0.0007143500
       -0.0082710748  -0.4407792470  -0.0720049732   0.0390101616  -0.1099784174
        0.0201328568   0.0138592284   0.6014408364   0.0706697780  -0.0492142520
       -0.0015063599   0.0020466669   0.0006271871  -0.0013796465   0.0007883436
        0.0005565557  -0.0399236251  -0.0036551404   0.0012170194   0.0010593120
       -0.0010647011   0.0004150983   0.0002548181   0.0013608167   0.0009027804
       -0.0239539748  -0.0102474405   0.0015777657
        0.0212238202  -0.0380723143  -0.0094806054   0.0015507387  -0.0024400409
       -0.0065213791  -0.0704887279  -0.1155566306   0.0133154742   0.0306971147
        0.0141390556   0.0076807681   0.0706697780   0.3269327450  -0.0278378050
        0.0002550767  -0.0002821920   0.0012583501   0.0007354333   0.0001594648
       -0.0000159699  -0.0209817127  -0.1785633166   0.0198674309  -0.0004055997
        0.0008587061   0.0004462650   0.0000133965   0.0011587129  -0.0006021447
       -0.0332693180  -0.0083341901   0.0018896159
       -0.0035125021  -0.0007686226   0.0004429270  -0.0005601496  -0.0021962417
       -0.0010654460   0.0421013242   0.0072359601  -0.0600552344  -0.0006320588
        0.0067075191   0.0249360689  -0.0492142520  -0.0278378050   0.0607131924
        0.0017912310  -0.0022644026  -0.0001300777   0.0004188580  -0.0001739651
       -0.0006387452   0.0009191368   0.0147880383  -0.0273368962   0.0006974454
        0.0004585036   0.0009876198   0.0001934452   0.0003466500   0.0001010344
        0.0077975219   0.0037043658   0.0020455569
       -0.0340815179  -0.0097766297  -0.0182757950  -0.0043060295   0.0001733624
       -0.0267669210   0.0001929717   0.0015393592  -0.0006164862   0.0008520693
       -0.0001470290   0.0010813388  -0.0015063599   0.0002550767   0.0017912310
        0.0382850281   0.0123516610   0.0336806237   0.0034008384  -0.0027078444
        0.0108689148   0.0000271781   0.0021503039   0.0018971669  -0.0002192665
       -0.0005679578  -0.0007877192  -0.0023947812  -0.0028668688  -0.0020848678
       -0.0002501308  -0.0004034334  -0.0007874860
       -0.0096362785  -0.0330755494   0.0188490007  -0.0021914714   0.0002038072
       -0.0064347344  -0.0005055032  -0.0029387120   0.0000095874  -0.0001700325
        0.0031876993  -0.0019575837   0.0020466669  -0.0002821920  -0.0022644026
        0.0123516610   0.0366919051  -0.0263706069  -0.0000680383  -0.0006040914
        0.0219982511   0.0010249288  -0.0032203463  -0.0016431327  -0.0004861208
       -0.0004453808  -0.0006268126  -0.0021912003   0.0008883928  -0.0011167436
       -0.0001746115  -0.0004055324  -0.0004428227
       -0.0291422339   0.0267071660  -0.3099182633  -0.0024300757  -0.0016574813
       -0.0129761016  -0.0009357549  -0.0005927735  -0.0004006557   0.0010795973
        0.0014937097   0.0006527403   0.0006271871   0.0012583501  -0.0001300777
        0.0336806237  -0.0263706069   0.3400245800  -0.0009668618   0.0021525995
       -0.0130619151   0.0008055650  -0.0027771633  -0.0028551159  -0.0000303171
        0.0003485041  -0.0007064021  -0.0027688959  -0.0007322652  -0.0008359177
        0.0000811663   0.0001699607   0.0002071287
       -0.0803803274  -0.1013165895   0.0463944807  -0.0081958331  -0.0203476984
        0.0082565449   0.0018832095   0.0002075570  -0.0001893307  -0.0038914965
       -0.0013495922  -0.0012605282  -0.0013796465   0.0007354333   0.0004188580
        0.0034008384  -0.0000680383  -0.0009668618   0.0902296516   0.1212846760
       -0.0514492654   0.0003923579   0.0010047489  -0.0004124470  -0.0020780870
       -0.0000481999  -0.0006300954  -0.0005659083  -0.0000828027   0.0002547386
        0.0005852415  -0.0000194943  -0.0004160936
       -0.1098713163  -0.2069756319   0.1045504083  -0.0049229952  -0.0056534933
        0.0033857412  -0.0020919637   0.0006169807  -0.0001245997  -0.0023474308
       -0.0038159361   0.0000922961   0.0007883436   0.0001594648  -0.0001739651
       -0.0027078444  -0.0006040914   0.0021525995   0.1212846760   0.2230368921
       -0.1115563920  -0.0003571775  -0.0042772888   0.0004999490  -0.0000528285
       -0.0011262562   0.0003087162   0.0007136915  -0.0005991816   0.0005513145
       -0.0004351547  -0.0007614582   0.0003139320
        0.0507253288   0.1013279561  -0.0961277838  -0.0055794984  -0.0051775548
        0.0031224583  -0.0010602118  -0.0001287534   0.0001408148  -0.0029650175
       -0.0044059382   0.0004149768   0.0005565557  -0.0000159699  -0.0006387452
        0.0108689148   0.0219982511  -0.0130619151  -0.0514492654  -0.1115563920
        0.1054469470   0.0002373517   0.0002753112  -0.0005665950  -0.0004637799
       -0.0005788408  -0.0005366753  -0.0009915529  -0.0019680505   0.0004939925
        0.0001211752   0.0002299813   0.0013125248
       -0.0026635318  -0.0023963478  -0.0008463187  -0.0034429471   0.0011641756
       -0.0010904188  -0.0152778277  -0.0362990771   0.0059375866   0.0010903204
       -0.0013913514   0.0005905849  -0.0399236251  -0.0209817127   0.0009191368
        0.0000271781   0.0010249288   0.0008055650   0.0003923579  -0.0003571775
        0.0002373517   0.0664240534   0.0590130071  -0.0063327914  -0.0013420991
       -0.0000360161   0.0000628947  -0.0013549602   0.0007502573  -0.0008296234
       -0.0039289188  -0.0004906862   0.0005460327
       -0.0230382473   0.0287559063   0.0083130548   0.0059928158   0.0071437015
        0.0028979814  -0.0545899881  -0.0085474998   0.0069849442   0.0117969102
       -0.0117782168  -0.0028257477  -0.0036551404  -0.1785633166   0.0147880383
        0.0021503039  -0.0032203463  -0.0027771633   0.0010047489  -0.0042772888
        0.0002753112   0.0590130071   0.1714448334  -0.0285423835   0.0005058200
       -0.0009454988  -0.0005124646   0.0002750382  -0.0010067884   0.0005293129
        0.0005447319   0.0009945141   0.0008691164
        0.0006152230   0.0027306985  -0.0040244831  -0.0014179846   0.0015451777
       -0.0028090313   0.0039168636   0.0086092135   0.0008615429   0.0011420937
       -0.0044179571  -0.0001802355   0.0012170194   0.0198674309  -0.0273368962
        0.0018971669  -0.0016431327  -0.0028551159  -0.0004124470   0.0004999490
       -0.0005665950  -0.0063327914  -0.0285423835   0.0318894321  -0.0007029892
       -0.0006663325   0.0007661131  -0.0017654567   0.0008157640  -0.0007625786
        0.0018433023   0.0012015723   0.0050178475
       -0.0323913506   0.0000718028  -0.0036386480  -0.1828346996   0.0921615262
        0.0554468595  -0.0007829769  -0.0001899798   0.0002396030   0.0012545711
        0.0019208684   0.0001732325   0.0010593120  -0.0004055997   0.0006974454
       -0.0002192665  -0.0004861208  -0.0000303171  -0.0020780870  -0.0000528285
       -0.0004637799  -0.0013420991   0.0005058200  -0.0007029892   0.2217171477
       -0.0963716861  -0.0563649591  -0.0046353273   0.0028855168   0.0051224922
        0.0002527763  -0.0000393193  -0.0004789393
       -0.0088067911   0.0051560189   0.0006757184   0.0783293469  -0.0726945666
       -0.0257261242   0.0017333085  -0.0064097405   0.0002524847   0.0227116745
       -0.0296910301  -0.0040456743  -0.0010647011   0.0008587061   0.0004585036
       -0.0005679578  -0.0004453808   0.0003485041  -0.0000481999  -0.0011262562
       -0.0005788408  -0.0000360161  -0.0009454988  -0.0006663325  -0.0963716861
        0.1060625409   0.0305441451   0.0024294088   0.0009841340  -0.0022241852
        0.0016916134  -0.0017489269   0.0009618010
       -0.0107935613   0.0036659290   0.0028917189   0.0489350654  -0.0296526870
       -0.0541676235  -0.0005408085   0.0019323305   0.0002737433  -0.0053545940
        0.0066899066   0.0017667062   0.0004150983   0.0004462650   0.0009876198
       -0.0007877192  -0.0006268126  -0.0007064021  -0.0006300954   0.0003087162
       -0.0005366753   0.0000628947  -0.0005124646   0.0007661131  -0.0563649591
        0.0305441451   0.0632091680   0.0256267837  -0.0132475133  -0.0139060777
       -0.0005681046   0.0004521851  -0.0005782907
       -0.0045594572  -0.0015818202  -0.0253492472  -0.0372022542   0.0009099949
        0.0185921617   0.0004295366   0.0000575975  -0.0004213999  -0.0007128850
       -0.0032214477   0.0027090456   0.0002548181   0.0000133965   0.0001934452
       -0.0023947812  -0.0021912003  -0.0027688959  -0.0005659083   0.0007136915
       -0.0009915529  -0.0013549602   0.0002750382  -0.0017654567  -0.0046353273
        0.0024294088   0.0256267837   0.0507921315   0.0023507300  -0.0160487601
       -0.0000509128   0.0002446108   0.0002238764
       -0.0007262311   0.0002195947  -0.0103514193   0.0017417033  -0.0378585145
        0.0004396707  -0.0033204857  -0.0024396073   0.0033866257  -0.0025868853
       -0.0170347821   0.0327346816   0.0013608167   0.0011587129   0.0003466500
       -0.0028668688   0.0008883928  -0.0007322652  -0.0000828027  -0.0005991816
       -0.0019680505   0.0007502573  -0.0010067884   0.0008157640   0.0028855168
        0.0009841340  -0.0132475133   0.0023507300   0.0565984199  -0.0105135204
        0.0004942496  -0.0009103803  -0.0009106235
       -0.0046866850  -0.0027231348  -0.0175467287   0.0152428927   0.0058153924
       -0.2671298057   0.0002054139  -0.0006287294  -0.0002525425   0.0019312541
        0.0108175118  -0.0108495862   0.0009027804  -0.0006021447   0.0001010344
       -0.0020848678  -0.0011167436  -0.0008359177   0.0002547386   0.0005513145
        0.0004939925  -0.0008296234   0.0005293129  -0.0007625786   0.0051224922
       -0.0022241852  -0.0139060777  -0.0160487601  -0.0105135204   0.3105879309
       -0.0000096356   0.0000949265   0.0001002793
        0.0009104037  -0.0008841602  -0.0003458264  -0.0019156101   0.0021044361
       -0.0000886182  -0.0451153833  -0.0577669648   0.0125226724  -0.0011561541
        0.0267859324  -0.0056165932  -0.0239539748  -0.0332693180   0.0077975219
       -0.0002501308  -0.0001746115   0.0000811663   0.0005852415  -0.0004351547
        0.0001211752  -0.0039289188   0.0005447319   0.0018433023   0.0002527763
        0.0016916134  -0.0005681046  -0.0000509128   0.0004942496  -0.0000096356
        0.0746226633   0.0609092460  -0.0157370601
        0.0001960309  -0.0006007562  -0.0005106121   0.0020667090   0.0023367538
        0.0008828860  -0.0573382279  -0.2376168987   0.0441725647   0.0051220050
       -0.0326678352   0.0082416227  -0.0102474405  -0.0083341901   0.0037043658
       -0.0004034334  -0.0004055324   0.0001699607  -0.0000194943  -0.0007614582
        0.0002299813  -0.0004906862   0.0009945141   0.0012015723  -0.0000393193
       -0.0017489269   0.0004521851   0.0002446108  -0.0009103803   0.0000949265
        0.0609092460   0.2797147100  -0.0586394531
        0.0021673258   0.0006236461   0.0002290436  -0.0018513593   0.0023575527
        0.0069061286   0.0133643673   0.0507566146  -0.0556291492   0.0013915704
        0.0022206207  -0.0002056703   0.0015777657   0.0018896159   0.0020455569
       -0.0007874860  -0.0004428227   0.0002071287  -0.0004160936   0.0003139320
        0.0013125248   0.0005460327   0.0008691164   0.0050178475  -0.0004789393
        0.0009618010  -0.0005782907   0.0002238764  -0.0009106235   0.0001002793
       -0.0157370601  -0.0586394531   0.0405946009
