$hessian                                                                        
        0.5273032352  -0.0054031735   0.0017969095  -0.0683194383  -0.0050080429
       -0.0085080776   0.0008251365   0.0008899416   0.0004831801  -0.0019655737
       -0.0053112212  -0.0008328600   0.0011526525  -0.0011699555  -0.0015354689
       -0.2205880874   0.0064854048   0.1102860292  -0.0379923691  -0.0252711713
        0.0120060179  -0.1993298412   0.0334165499  -0.1136997266  -0.0028103334
       -0.0172686278  -0.0161099119   0.0017404960   0.0183909551   0.0158515378
       -0.0000158771   0.0002493407   0.0002623706
       -0.0054031735   0.4672984789  -0.0139751575  -0.0010083517  -0.1047137099
       -0.0867910221  -0.0074251582  -0.0094274950   0.0071796601  -0.0080116190
       -0.0408267105  -0.0041032357   0.0086390846   0.0016870685  -0.0060817525
        0.0083531160  -0.0394549530  -0.0063904247  -0.0254620592  -0.2240526207
        0.0952564914   0.0321950810  -0.0469415498   0.0218214357  -0.0015098212
       -0.0001313279  -0.0015856838   0.0014690490  -0.0046166671  -0.0060432539
       -0.0018361479   0.0011794864   0.0007129430
        0.0017969095  -0.0139751575   0.5001711644  -0.0068680670  -0.0764799586
       -0.1504499617  -0.0006596623   0.0012522111   0.0017616647   0.0013378572
       -0.0015370436   0.0073358824  -0.0011368327   0.0005867745  -0.0007820106
        0.1108338827  -0.0034712825  -0.1169721216   0.0119453108   0.0981692438
       -0.0849236891  -0.1140026089   0.0239943223  -0.1312812980  -0.0045047152
       -0.0145962833  -0.0138969741   0.0012738234  -0.0140106510  -0.0111837486
       -0.0000158975   0.0000678249   0.0002210924
       -0.0683194383  -0.0010083517  -0.0068680670   0.5324283132  -0.0508915801
        0.0096920875   0.0059626875   0.0090054657   0.0001510980  -0.0487163222
       -0.0108669634   0.0110005333  -0.0001739959   0.0011680866  -0.0042503114
        0.0013361266   0.0185866769   0.0190117156  -0.0017967941  -0.0036426239
       -0.0015913941  -0.0031494276  -0.0187394196  -0.0184221437  -0.2004744268
        0.0283409260  -0.1115509877  -0.2174196243   0.0282172890   0.1022338153
        0.0003229020  -0.0001695054   0.0005936542
       -0.0050080429  -0.1047137099  -0.0764799586  -0.0508915801   0.2506490983
        0.0871552093   0.0170190334  -0.0577782196   0.0153384408  -0.0190490043
        0.0154806125  -0.0016616014   0.0042296463   0.0008405930  -0.0059388204
        0.0045982917  -0.0062568725  -0.0033760816  -0.0019626880  -0.0256493202
       -0.0128774327  -0.0047145529  -0.0009903973   0.0001330280   0.0286970236
       -0.0337508820   0.0160308635   0.0251026072  -0.0370010213  -0.0178137985
        0.0019792662  -0.0008298809  -0.0005098484
       -0.0085080776  -0.0867910221  -0.1504499617   0.0096920875   0.0871552093
        0.4534543701   0.0017418639   0.0227444511   0.0019516574   0.0156572014
        0.0046440212  -0.0527895223  -0.0102129626  -0.0035956732   0.0023424195
        0.0019402136  -0.0155334559  -0.0154597497   0.0009023783   0.0051249721
        0.0039241417  -0.0045508255  -0.0154044388  -0.0168688687  -0.1117346260
        0.0178045501  -0.1205456424   0.1042535670  -0.0163716608  -0.1061019728
        0.0008191800   0.0002230470   0.0005431290
        0.0008251365  -0.0074251582  -0.0006596623   0.0059626875   0.0170190334
        0.0017418639   0.5817900727  -0.3884858718  -0.2100860626  -0.2111490666
        0.2621243227   0.0137539626  -0.3566076584   0.0938744399   0.1955453624
       -0.0016225440   0.0030683413   0.0001462498  -0.0008227461   0.0018137937
       -0.0004150262   0.0009185445   0.0001495785  -0.0003094125  -0.0010601094
        0.0000216055  -0.0002414813   0.0023120487  -0.0055033597   0.0016368366
       -0.0205463654   0.0233432745  -0.0011126304
        0.0008899416  -0.0094274950   0.0012522111   0.0090054657  -0.0577782196
        0.0227444511  -0.3884858718   0.6421179685   0.0509736593   0.2644956885
       -0.4784892288  -0.0226487105   0.0876951170  -0.0848047993  -0.0329749646
       -0.0016431569   0.0011116069  -0.0000910677  -0.0011711894   0.0017403659
       -0.0020526708   0.0009381117  -0.0000333391   0.0002384955  -0.0011669584
       -0.0034188057   0.0014180861   0.0018830073  -0.0003769554  -0.0004923152
        0.0275598447  -0.0106410984  -0.0183671741
        0.0004831801   0.0071796601   0.0017616647   0.0001510980   0.0153384408
        0.0019516574  -0.2100860626   0.0509736593   0.1828180028   0.0137658542
       -0.0220827337  -0.0511379026   0.1974046567  -0.0371735167  -0.1325750436
        0.0016157930  -0.0020479048   0.0001887221   0.0002806312  -0.0015516700
        0.0002198880  -0.0016172332  -0.0008217278   0.0003666538   0.0021203337
        0.0017210505  -0.0006515792  -0.0017430705   0.0036700509  -0.0003006495
       -0.0023751808  -0.0152053084  -0.0026414138
       -0.0019655737  -0.0080116190   0.0013378572  -0.0487163222  -0.0190490043
        0.0156572014  -0.2111490666   0.2644956885   0.0137658542   0.3127624606
       -0.2878464644  -0.0616370207  -0.0510808299   0.0578208745   0.0222344713
       -0.0001242088  -0.0008665751   0.0001925685   0.0019861079   0.0000017388
       -0.0015631838   0.0013070781   0.0011891189   0.0004114029   0.0024242796
        0.0126624488  -0.0080665774  -0.0056534004  -0.0175234448   0.0123079328
        0.0002094755  -0.0028727620   0.0053594936
       -0.0053112212  -0.0408267105  -0.0015370436  -0.0108669634   0.0154806125
        0.0046440212   0.2621243227  -0.4784892288  -0.0220827337  -0.2878464644
        0.5607019164   0.0157794151   0.0429618595  -0.0316577423  -0.0137795541
       -0.0000677475   0.0015304885  -0.0001445428  -0.0001845510  -0.0035057508
       -0.0038907922   0.0005599925   0.0019206166   0.0001621340   0.0012316340
       -0.0161865232   0.0108889886  -0.0050315674  -0.0127509572   0.0100223283
        0.0024307061   0.0037832787  -0.0000622206
       -0.0008328600  -0.0041032357   0.0073358824   0.0110005333  -0.0016616014
       -0.0527895223   0.0137539626  -0.0226487105  -0.0511379026  -0.0616370207
        0.0157794151   0.1062829605   0.0278970952  -0.0231234737   0.0033791848
       -0.0003493435   0.0005601855   0.0004848487  -0.0009818051  -0.0028832515
        0.0003964513  -0.0000591724  -0.0009464868   0.0004582421   0.0003479679
        0.0191475197  -0.0087321430   0.0073849632   0.0169927113  -0.0088133785
        0.0034756797   0.0028869280   0.0031353765
        0.0011526525   0.0086390846  -0.0011368327  -0.0001739959   0.0042296463
       -0.0102129626  -0.3566076584   0.0876951170   0.1974046567  -0.0510808299
        0.0429618595   0.0278970952   0.4493601535  -0.2280955053  -0.2087666180
        0.0018326434  -0.0024391641  -0.0006190227   0.0001368850  -0.0021866732
        0.0013417910  -0.0016872871  -0.0007843860   0.0000782847   0.0023057047
        0.0011137243   0.0001386595  -0.0008654061   0.0018275149  -0.0004658845
       -0.0443728617   0.0870387820  -0.0056591666
       -0.0011699555   0.0016870685   0.0005867745   0.0011680866   0.0008405930
       -0.0035956732   0.0938744399  -0.0848047993  -0.0371735167   0.0578208745
       -0.0316577423  -0.0231234737  -0.2280955053   0.4478879249   0.0040458272
        0.0003059219  -0.0002613441   0.0003317407   0.0004222789  -0.0004937453
        0.0002992901  -0.0001018515   0.0001155572  -0.0001434417  -0.0006720967
        0.0003119101  -0.0002761608  -0.0007904240   0.0014421972  -0.0005986013
        0.0772382312  -0.3350676198   0.0596472350
       -0.0015354689  -0.0060817525  -0.0007820106  -0.0042503114  -0.0059388204
        0.0023424195   0.1955453624  -0.0329749646  -0.1325750436   0.0222344713
       -0.0137795541   0.0033791848  -0.2087666180   0.0040458272   0.1542200621
       -0.0011464276   0.0012889737   0.0000987727   0.0003388826   0.0013980191
       -0.0004418026   0.0013908322   0.0009557278  -0.0003325229  -0.0018185556
       -0.0003734049  -0.0004455729   0.0005656264  -0.0017073174   0.0000022246
       -0.0025577934   0.0531672662  -0.0254657112
       -0.2205880874   0.0083531160   0.1108338827   0.0013361266   0.0045982917
        0.0019402136  -0.0016225440  -0.0016431569   0.0016157930  -0.0001242088
       -0.0000677475  -0.0003493435   0.0018326434   0.0003059219  -0.0011464276
        0.2473032881  -0.0092687892  -0.1295838345  -0.0057010573  -0.0018126327
        0.0054286705  -0.0241750033   0.0009586838   0.0115600588   0.0009442463
       -0.0003452676  -0.0004850309   0.0010933078  -0.0012467435   0.0000850838
       -0.0002987113   0.0001683241   0.0001009340
        0.0064854048  -0.0394549530  -0.0034712825   0.0185866769  -0.0062568725
       -0.0155334559   0.0030683413   0.0011116069  -0.0020479048  -0.0008665751
        0.0015304885   0.0005601855  -0.0024391641  -0.0002613441   0.0012889737
       -0.0092687892   0.0454833290   0.0091626216  -0.0214784824  -0.0011665594
        0.0157312240   0.0056311521   0.0011677246  -0.0023371722   0.0000025535
       -0.0000168138   0.0006936120  -0.0001247487  -0.0018750563  -0.0039695717
        0.0004036310  -0.0002615500  -0.0000772296
        0.1102860292  -0.0063904247  -0.1169721216   0.0190117156  -0.0033760816
       -0.0154597497   0.0001462498  -0.0000910677   0.0001887221   0.0001925685
       -0.0001445428   0.0004848487  -0.0006190227   0.0003317407   0.0000987727
       -0.1295838345   0.0091626216   0.1321611438   0.0142270678   0.0030934332
       -0.0081267368  -0.0140518748   0.0009386212   0.0095005944   0.0008300519
        0.0002075807   0.0001823294  -0.0004307816  -0.0037363424  -0.0021177520
       -0.0000081693   0.0000044618   0.0000599490
       -0.0379923691  -0.0254620592   0.0119453108  -0.0017967941  -0.0019626880
        0.0009023783  -0.0008227461  -0.0011711894   0.0002806312   0.0019861079
       -0.0001845510  -0.0009818051   0.0001368850   0.0004222789   0.0003388826
       -0.0057010573  -0.0214784824   0.0142270678   0.0428182109   0.0296340214
       -0.0140771179   0.0007239642   0.0203988602  -0.0126154200   0.0006076549
        0.0008081916  -0.0006745506   0.0000446136  -0.0010306344   0.0007591915
       -0.0000044699   0.0000262522  -0.0001045685
       -0.0252711713  -0.2240526207   0.0981692438  -0.0036426239  -0.0256493202
        0.0051249721   0.0018137937   0.0017403659  -0.0015516700   0.0000017388
       -0.0035057508  -0.0028832515  -0.0021866732  -0.0004937453   0.0013980191
       -0.0018126327  -0.0011665594   0.0030934332   0.0296340214   0.2597260336
       -0.1096067746   0.0010454162  -0.0067707120   0.0063726947  -0.0002204264
        0.0002730944   0.0001779478   0.0001604608   0.0002444232  -0.0002006981
        0.0004780967  -0.0003452085  -0.0000939164
        0.0120060179   0.0952564914  -0.0849236891  -0.0015913941  -0.0128774327
        0.0039241417  -0.0004150262  -0.0020526708   0.0002198880  -0.0015631838
       -0.0038907922   0.0003964513   0.0013417910   0.0002992901  -0.0004418026
        0.0054286705   0.0157312240  -0.0081267368  -0.0140771179  -0.1096067746
        0.0980978792  -0.0008747145   0.0178096024  -0.0091415206   0.0001185244
       -0.0004881919   0.0001778191  -0.0000919094  -0.0002190441  -0.0002049605
       -0.0002816578   0.0000382984   0.0000225302
       -0.1993298412   0.0321950810  -0.1140026089  -0.0031494276  -0.0047145529
       -0.0045508255   0.0009185445   0.0009381117  -0.0016172332   0.0013070781
        0.0005599925  -0.0000591724  -0.0016872871  -0.0001018515   0.0013908322
       -0.0241750033   0.0056311521  -0.0140518748   0.0007239642   0.0010454162
       -0.0008747145   0.2229033531  -0.0359878349   0.1340931475   0.0013315548
        0.0005904708  -0.0008355297   0.0008633314  -0.0000074089   0.0007035989
        0.0002937332  -0.0001485761  -0.0001956196
        0.0334165499  -0.0469415498   0.0239943223  -0.0187394196  -0.0009903973
       -0.0154044388   0.0001495785  -0.0000333391  -0.0008217278   0.0011891189
        0.0019206166  -0.0009464868  -0.0007843860   0.0001155572   0.0009557278
        0.0009586838   0.0011677246   0.0009386212   0.0203988602  -0.0067707120
        0.0178096024  -0.0359878349   0.0535204808  -0.0231355302  -0.0003451015
       -0.0017347489  -0.0038229450  -0.0004332297  -0.0000399861   0.0006636422
        0.0001771804  -0.0002136459  -0.0002307874
       -0.1136997266   0.0218214357  -0.1312812980  -0.0184221437   0.0001330280
       -0.0168688687  -0.0003094125   0.0002384955   0.0003666538   0.0004114029
        0.0001621340   0.0004582421   0.0000782847  -0.0001434417  -0.0003325229
        0.0115600588  -0.0023371722   0.0095005944  -0.0126154200   0.0063726947
       -0.0091415206   0.1340931475  -0.0231355302   0.1490288512  -0.0004338985
       -0.0038798168  -0.0022034123  -0.0006269214   0.0006867847   0.0004164733
       -0.0000353712   0.0000813883   0.0000568077
       -0.0028103334  -0.0015098212  -0.0045047152  -0.2004744268   0.0286970236
       -0.1117346260  -0.0010601094  -0.0011669584   0.0021203337   0.0024242796
        0.0012316340   0.0003479679   0.0023057047  -0.0006720967  -0.0018185556
        0.0009442463   0.0000025535   0.0008300519   0.0006076549  -0.0002204264
        0.0001185244   0.0013315548  -0.0003451015  -0.0004338985   0.2187966846
       -0.0301686958   0.1277091097  -0.0218209035   0.0038403210  -0.0126876941
       -0.0002443518   0.0003115679   0.0000535016
       -0.0172686278  -0.0001313279  -0.0145962833   0.0283409260  -0.0337508820
        0.0178045501   0.0000216055  -0.0034188057   0.0017210505   0.0126624488
       -0.0161865232   0.0191475197   0.0011137243   0.0003119101  -0.0003734049
       -0.0003452676  -0.0000168138   0.0002075807   0.0008081916   0.0002730944
       -0.0004881919   0.0005904708  -0.0017347489  -0.0038798168  -0.0301686958
        0.0520510911  -0.0207217793   0.0044408962   0.0026685945   0.0011987950
       -0.0001956721  -0.0000655886  -0.0000200199
       -0.0161099119  -0.0015856838  -0.0138969741  -0.1115509877   0.0160308635
       -0.1205456424  -0.0002414813   0.0014180861  -0.0006515792  -0.0080665774
        0.0108889886  -0.0087321430   0.0001386595  -0.0002761608  -0.0004455729
       -0.0004850309   0.0006936120   0.0001823294  -0.0006745506   0.0001779478
        0.0001778191  -0.0008355297  -0.0038229450  -0.0022034123   0.1277091097
       -0.0207217793   0.1374817400   0.0100648295  -0.0027815125   0.0084859740
        0.0000514709  -0.0000214167   0.0001474613
        0.0017404960   0.0014690490   0.0012738234  -0.2174196243   0.0251026072
        0.1042535670   0.0023120487   0.0018830073  -0.0017430705  -0.0056534004
       -0.0050315674   0.0073849632  -0.0008654061  -0.0007904240   0.0005656264
        0.0010933078  -0.0001247487  -0.0004307816   0.0000446136   0.0001604608
       -0.0000919094   0.0008633314  -0.0004332297  -0.0006269214  -0.0218209035
        0.0044408962   0.0100648295   0.2394881780  -0.0266779038  -0.1204524068
        0.0002173590   0.0000018533  -0.0001977198
        0.0183909551  -0.0046166671  -0.0140106510   0.0282172890  -0.0370010213
       -0.0163716608  -0.0055033597  -0.0003769554   0.0036700509  -0.0175234448
       -0.0127509572   0.0169927113   0.0018275149   0.0014421972  -0.0017073174
       -0.0012467435  -0.0018750563  -0.0037363424  -0.0010306344   0.0002444232
       -0.0002190441  -0.0000074089  -0.0000399861   0.0006867847   0.0038403210
        0.0026685945  -0.0027815125  -0.0266779038   0.0521346599   0.0173365514
       -0.0002865850   0.0001707686   0.0001404298
        0.0158515378  -0.0060432539  -0.0111837486   0.1022338153  -0.0178137985
       -0.1061019728   0.0016368366  -0.0004923152  -0.0003006495   0.0123079328
        0.0100223283  -0.0088133785  -0.0004658845  -0.0005986013   0.0000022246
        0.0000850838  -0.0039695717  -0.0021177520   0.0007591915  -0.0002006981
       -0.0002049605   0.0007035989   0.0006636422   0.0004164733  -0.0126876941
        0.0011987950   0.0084859740  -0.1204524068   0.0173365514   0.1198128418
        0.0000279886  -0.0001030781   0.0000049482
       -0.0000158771  -0.0018361479  -0.0000158975   0.0003229020   0.0019792662
        0.0008191800  -0.0205463654   0.0275598447  -0.0023751808   0.0002094755
        0.0024307061   0.0034756797  -0.0443728617   0.0772382312  -0.0025577934
       -0.0002987113   0.0004036310  -0.0000081693  -0.0000044699   0.0004780967
       -0.0002816578   0.0002937332   0.0001771804  -0.0000353712  -0.0002443518
       -0.0001956721   0.0000514709   0.0002173590  -0.0002865850   0.0000279886
        0.0644391675  -0.1079485514   0.0008997508
        0.0002493407   0.0011794864   0.0000678249  -0.0001695054  -0.0008298809
        0.0002230470   0.0233432745  -0.0106410984  -0.0152053084  -0.0028727620
        0.0037832787   0.0028869280   0.0870387820  -0.3350676198   0.0531672662
        0.0001683241  -0.0002615500   0.0000044618   0.0000262522  -0.0003452085
        0.0000382984  -0.0001485761  -0.0002136459   0.0000813883   0.0003115679
       -0.0000655886  -0.0000214167   0.0000018533   0.0001707686  -0.0001030781
       -0.1079485514   0.3422910585  -0.0411394113
        0.0002623706   0.0007129430   0.0002210924   0.0005936542  -0.0005098484
        0.0005431290  -0.0011126304  -0.0183671741  -0.0026414138   0.0053594936
       -0.0000622206   0.0031353765  -0.0056591666   0.0596472350  -0.0254657112
        0.0001009340  -0.0000772296   0.0000599490  -0.0001045685  -0.0000939164
        0.0000225302  -0.0001956196  -0.0002307874   0.0000568077   0.0000535016
       -0.0000200199   0.0001474613  -0.0001977198   0.0001404298   0.0000049482
        0.0008997508  -0.0411394113   0.0239158306
