$hessian                                                                        
        0.5894426360  -0.0317922594  -0.0684752488  -0.1717202724   0.1259598838
        0.0260007280  -0.0043499715  -0.0130021569   0.0046656915   0.0213316133
        0.0050130164  -0.0050601064   0.0041200773   0.0031680708  -0.0011028346
       -0.3086703308   0.0046007658   0.0364971109  -0.1175372015  -0.1208584523
        0.0048595800   0.0005347113   0.0007664116  -0.0013467933  -0.0131109637
        0.0238732856   0.0039503330  -0.0012244312   0.0013152253   0.0002323848
        0.0011841332   0.0009562095  -0.0002208450
       -0.0317922594   0.6682568617   0.0380680992   0.1631339252  -0.2830408347
       -0.0369630185  -0.0022516980   0.0162629965  -0.0063465699  -0.0087380041
       -0.1016680303  -0.0026811914  -0.0053329298  -0.0011240531   0.0014189322
        0.0099561538  -0.0422117476  -0.0012831395  -0.1279677906  -0.2425974193
        0.0053062817  -0.0004920347  -0.0033902970   0.0019669396   0.0024311546
       -0.0041261646  -0.0003305478   0.0019791666  -0.0023424263   0.0001649627
       -0.0009256838  -0.0040188853   0.0006792517
       -0.0684752488   0.0380680992   0.1078156901   0.0289922970  -0.0313641448
       -0.0483199634   0.0005450817   0.0039981785   0.0060686442  -0.0055012343
       -0.0086854150  -0.0022051408   0.0005199857   0.0004508559   0.0004453518
        0.0367609761  -0.0012063641  -0.0364436551   0.0047616176   0.0047185000
       -0.0306018574   0.0003916895  -0.0019686012   0.0001435284   0.0026484528
       -0.0042156638   0.0027359230   0.0002255886  -0.0005680493   0.0001491006
       -0.0008692059   0.0007726045   0.0002123785
       -0.1717202724   0.1631339252   0.0289922970   0.6344995343  -0.0603071256
       -0.0760214773   0.0236613132  -0.0021733843  -0.0014222533  -0.1941901654
       -0.1429374914   0.0123573800  -0.0014798327  -0.0006345128   0.0029173034
       -0.0161076135   0.0273499577   0.0031594181   0.0049778222  -0.0120303595
       -0.0006215783  -0.0007463008   0.0031960058  -0.0004306702  -0.2779362224
        0.0199636590   0.0330278746  -0.0003485331   0.0026165538  -0.0014883921
       -0.0006097295   0.0018227722  -0.0004699019
        0.1259598838  -0.2830408347  -0.0313641448  -0.0603071256   0.6143101481
        0.0401514540  -0.0111661147  -0.0946150154   0.0102746759  -0.1010411542
       -0.1863037508  -0.0022599200   0.0098795406   0.0020341613  -0.0025204714
        0.0030992436  -0.0020295166  -0.0009372641   0.0103007643  -0.0196715058
       -0.0028931202   0.0020832002   0.0034629303  -0.0059030212   0.0208500858
       -0.0402857440  -0.0031054122  -0.0049144419   0.0042879510  -0.0003419226
        0.0052561180   0.0018511766  -0.0011008533
        0.0260007280  -0.0369630185  -0.0483199634  -0.0760214773   0.0401514540
        0.1298818544  -0.0007992368  -0.0033096776   0.0072557296   0.0153252223
        0.0080634958  -0.0435248016  -0.0008900689  -0.0006504971  -0.0030408556
        0.0030390639  -0.0040826855   0.0044122526  -0.0000106178   0.0005004978
        0.0016162621  -0.0010953067   0.0012712357  -0.0016345537   0.0348380022
       -0.0025863828  -0.0465461161   0.0001636535   0.0002479655   0.0003608103
       -0.0005499624  -0.0026423872  -0.0004606187
       -0.0043499715  -0.0022516980   0.0005450817   0.0236613132  -0.0111661147
       -0.0007992368   0.4740540692   0.0806108065  -0.0000214668  -0.0957684981
        0.0400582266   0.0033448900  -0.2507502225  -0.0251949045   0.0644477601
       -0.0009883672   0.0009689948   0.0012856473   0.0007472960   0.0000997014
       -0.0009366817  -0.0256548238  -0.0103969859   0.0027907187   0.0005805155
       -0.0006298203   0.0007949026  -0.0124709979  -0.0048365165   0.0103391313
       -0.1090603129  -0.0672616894  -0.0817907464
       -0.0130021569   0.0162629965   0.0039981785  -0.0021733843  -0.0946150154
       -0.0033096776   0.0806108065   0.3766052588   0.0177624571   0.0359738385
       -0.0981231846  -0.0111807678  -0.0510554682  -0.0656204467   0.0038089704
       -0.0022133593  -0.0004789323   0.0002311999   0.0014638534   0.0007681956
       -0.0009623470  -0.0028712485  -0.0533930803   0.0678924993   0.0033224633
       -0.0009602348  -0.0008201065   0.0134277635   0.0052179149  -0.0051401625
       -0.0634831079  -0.0856634716  -0.0722802437
        0.0046656915  -0.0063465699   0.0060686442  -0.0014222533   0.0102746759
        0.0072557296  -0.0000214668   0.0177624571   0.4451693327   0.0035292492
       -0.0223115056  -0.0605021259   0.0410798555  -0.0126087353  -0.0795396961
        0.0012204609  -0.0003995882   0.0004841412  -0.0006434524  -0.0008566194
       -0.0020644333   0.0006734724   0.0693958698  -0.1860752474  -0.0011908604
        0.0012736128  -0.0025192829   0.0268314724   0.0070753636  -0.0107863433
       -0.0747221689  -0.0632589608  -0.1174907189
        0.0213316133  -0.0087380041  -0.0055012343  -0.1941901654  -0.1010411542
        0.0153252223  -0.0957684981   0.0359738385   0.0035292492   0.3378424387
        0.0694092066  -0.0375263347  -0.0448327323   0.0403161843   0.0210146136
        0.0003137185  -0.0008108279   0.0009292104  -0.0002894517   0.0029433722
        0.0007765602  -0.0000451345   0.0073385918  -0.0022767515  -0.0256056296
       -0.0356212898   0.0055749825  -0.0050076202   0.0010272361  -0.0027249981
        0.0062514613  -0.0107971536   0.0008794805
        0.0050130164  -0.1016680303  -0.0086854150  -0.1429374914  -0.1863037508
        0.0080634958   0.0400582266  -0.0981231846  -0.0223115056   0.0694092066
        0.4891577203   0.0243124665   0.0237310918  -0.0070696335  -0.0149417495
        0.0000522397   0.0016670589  -0.0001260128   0.0033628579  -0.0058516319
        0.0003251867   0.0090637133  -0.0401714974   0.0103056952  -0.0166040111
       -0.0074525216   0.0017673611   0.0058901451  -0.0083083644   0.0059919034
        0.0029610052  -0.0358761646  -0.0047014259
       -0.0050601064  -0.0026811914  -0.0022051408   0.0123573800  -0.0022599200
       -0.0435248016   0.0033448900  -0.0111807678  -0.0605021259  -0.0375263347
        0.0243124665   0.0825386570   0.0183698141  -0.0140873916   0.0049983915
       -0.0008196194   0.0003194998  -0.0021082625   0.0012820220  -0.0006498514
        0.0059478019  -0.0054529645   0.0229291913   0.0011186818   0.0056047397
        0.0029291954   0.0143219248   0.0016259425  -0.0013834199   0.0004689805
        0.0062742367  -0.0182478109  -0.0010541067
        0.0041200773  -0.0053329298   0.0005199857  -0.0014798327   0.0098795406
       -0.0008900689  -0.2507502225  -0.0510554682   0.0410798555  -0.0448327323
        0.0237310918   0.0183698141   0.3966269415  -0.0112685124  -0.1522684954
        0.0013223964  -0.0003668575  -0.0013831129  -0.0003677585  -0.0011643390
        0.0003893548  -0.0212862903  -0.0015378333   0.0167656502  -0.0015151848
        0.0014789451  -0.0014603812  -0.0443672611   0.0403714682   0.0693942316
       -0.0374701330  -0.0047351056   0.0094831664
        0.0031680708  -0.0011240531   0.0004508559  -0.0006345128   0.0020341613
       -0.0006504971  -0.0251949045  -0.0656204467  -0.0126087353   0.0403161843
       -0.0070696335  -0.0140873916  -0.0112685124   0.1968722172   0.2104037157
        0.0003117438  -0.0004334113  -0.0005943129   0.0000921962   0.0000611927
       -0.0000183186  -0.0103537127   0.0021340301   0.0037702593   0.0015879648
       -0.0028629155  -0.0012249001   0.0192849063  -0.1237332124  -0.1910749945
       -0.0173094239  -0.0002579289   0.0056343190
       -0.0011028346   0.0014189322   0.0004453518   0.0029173034  -0.0025204714
       -0.0030408556   0.0644477601   0.0038089704  -0.0795396961   0.0210146136
       -0.0149417495   0.0049983915  -0.1522684954   0.2104037157   0.3811336410
       -0.0006556961   0.0002400299  -0.0009800083   0.0002212127   0.0002636260
        0.0010853826   0.0303077200   0.0025158533  -0.0127545963  -0.0008887005
       -0.0003790931  -0.0023769641   0.0466056903  -0.1978380885  -0.2931615249
       -0.0105985734  -0.0029717250   0.0041908783
       -0.3086703308   0.0099561538   0.0367609761  -0.0161076135   0.0030992436
        0.0030390639  -0.0009883672  -0.0022133593   0.0012204609   0.0003137185
        0.0000522397  -0.0008196194   0.0013223964   0.0003117438  -0.0006556961
        0.3365797419  -0.0130861907  -0.0426767055  -0.0128103707  -0.0006273240
        0.0025877278   0.0001374162   0.0002306767  -0.0003518202   0.0001938481
        0.0015469372   0.0007725625  -0.0003806205   0.0006113420   0.0002110387
        0.0004101815   0.0001185372  -0.0000879887
        0.0046007658  -0.0422117476  -0.0012063641   0.0273499577  -0.0020295166
       -0.0040826855   0.0009689948  -0.0004789323  -0.0003995882  -0.0008108279
        0.0016670589   0.0003194998  -0.0003668575  -0.0004334113   0.0002400299
       -0.0130861907   0.0463256699   0.0035617272  -0.0206256663   0.0014314516
        0.0023984027   0.0003711009  -0.0003444992   0.0000387095   0.0011544444
       -0.0033332194  -0.0006830420   0.0002027543  -0.0002024510  -0.0001471060
        0.0002415244  -0.0003904030  -0.0000395832
        0.0364971109  -0.0012831395  -0.0364436551   0.0031594181  -0.0009372641
        0.0044122526   0.0012856473   0.0002311999   0.0004841412   0.0009292104
       -0.0001260128  -0.0021082625  -0.0013831129  -0.0005943129  -0.0009800083
       -0.0426767055   0.0035617272   0.0221669605   0.0016449300  -0.0002550588
        0.0070653771  -0.0008468629   0.0001690400  -0.0002752033   0.0006993869
       -0.0003552438   0.0053125447   0.0007155390  -0.0000963969   0.0006809383
       -0.0000245614  -0.0003145383  -0.0003150851
       -0.1175372015  -0.1279677906   0.0047616176   0.0049778222   0.0103007643
       -0.0000106178   0.0007472960   0.0014638534  -0.0006434524  -0.0002894517
        0.0033628579   0.0012820220  -0.0003677585   0.0000921962   0.0002212127
       -0.0128103707  -0.0206256663   0.0016449300   0.1244924710   0.1321412030
       -0.0073939226   0.0000830345  -0.0000634333   0.0002866011   0.0003596096
        0.0014039988  -0.0001855541   0.0003151451   0.0001330930  -0.0000445699
        0.0000294040  -0.0002410765   0.0000817333
       -0.1208584523  -0.2425974193   0.0047185000  -0.0120303595  -0.0196715058
        0.0005004978   0.0000997014   0.0007681956  -0.0008566194   0.0029433722
       -0.0058516319  -0.0006498514  -0.0011643390   0.0000611927   0.0002636260
       -0.0006273240   0.0014314516  -0.0002550588   0.1321412030   0.2681808213
       -0.0040244854  -0.0001798618  -0.0008138083   0.0001847915  -0.0005584213
        0.0000202628   0.0001911087   0.0004313175  -0.0007269006  -0.0001060913
       -0.0001968361  -0.0008006579   0.0000335823
        0.0048595800   0.0053062817  -0.0306018574  -0.0006215783  -0.0028931202
        0.0016162621  -0.0009366817  -0.0009623470  -0.0020644333   0.0007765602
        0.0003251867   0.0059478019   0.0003893548  -0.0000183186   0.0010853826
        0.0025877278   0.0023984027   0.0070653771  -0.0073939226  -0.0040244854
        0.0176467351   0.0004307800   0.0008018235   0.0007278848  -0.0003101071
       -0.0001340971  -0.0015976591  -0.0002657870  -0.0005012982  -0.0002594038
        0.0004840738  -0.0002980282   0.0004339100
        0.0005347113  -0.0004920347   0.0003916895  -0.0007463008   0.0020832002
       -0.0010953067  -0.0256548238  -0.0028712485   0.0006734724  -0.0000451345
        0.0090637133  -0.0054529645  -0.0212862903  -0.0103537127   0.0303077200
        0.0001374162   0.0003711009  -0.0008468629   0.0000830345  -0.0001798618
        0.0004307800   0.0492609250   0.0017641743  -0.0119321047  -0.0006664492
       -0.0002698503   0.0004782708  -0.0014343485  -0.0023268015   0.0031208282
       -0.0001827398   0.0032113208  -0.0160755221
        0.0007664116  -0.0033902970  -0.0019686012   0.0031960058   0.0034629303
        0.0012712357  -0.0103969859  -0.0533930803   0.0693958698   0.0073385918
       -0.0401714974   0.0229291913  -0.0015378333   0.0021340301   0.0025158533
        0.0002306767  -0.0003444992   0.0001690400  -0.0000634333  -0.0008138083
        0.0008018235   0.0017641743   0.0882930066  -0.0859647963  -0.0000761703
       -0.0000330448   0.0010595611   0.0005837772  -0.0008703451   0.0005073323
       -0.0018052145   0.0051266052  -0.0107165094
       -0.0013467933   0.0019669396   0.0001435284  -0.0004306702  -0.0059030212
       -0.0016345537   0.0027907187   0.0678924993  -0.1860752474  -0.0022767515
        0.0103056952   0.0011186818   0.0167656502   0.0037702593  -0.0127545963
       -0.0003518202   0.0000387095  -0.0002752033   0.0002866011   0.0001847915
        0.0007278848  -0.0119321047  -0.0859647963   0.2251738843   0.0002909213
       -0.0004312545  -0.0002307718   0.0010531391   0.0023107551  -0.0016651255
       -0.0048488903   0.0058294227  -0.0245284814
       -0.0131109637   0.0024311546   0.0026484528  -0.2779362224   0.0208500858
        0.0348380022   0.0005805155   0.0033224633  -0.0011908604  -0.0256056296
       -0.0166040111   0.0056047397  -0.0015151848   0.0015879648  -0.0008887005
        0.0001938481   0.0011544444   0.0006993869   0.0003596096  -0.0005584213
       -0.0003101071  -0.0006664492  -0.0000761703   0.0002909213   0.3176279067
       -0.0116441332  -0.0426404687   0.0007085955  -0.0003276247   0.0005587243
       -0.0006360256  -0.0001357523   0.0003899096
        0.0238732856  -0.0041261646  -0.0042156638   0.0199636590  -0.0402857440
       -0.0025863828  -0.0006298203  -0.0009602348   0.0012736128  -0.0356212898
       -0.0074525216   0.0029291954   0.0014789451  -0.0028629155  -0.0003790931
        0.0015469372  -0.0033332194  -0.0003552438   0.0014039988   0.0000202628
       -0.0001340971  -0.0002698503  -0.0000330448  -0.0004312545  -0.0116441332
        0.0588046760   0.0041123480  -0.0003533319  -0.0000371311  -0.0002581187
        0.0002515999   0.0002660370   0.0000446976
        0.0039503330  -0.0003305478   0.0027359230   0.0330278746  -0.0031054122
       -0.0465461161   0.0007949026  -0.0008201065  -0.0025192829   0.0055749825
        0.0017673611   0.0143219248  -0.0014603812  -0.0012249001  -0.0023769641
        0.0007725625  -0.0006830420   0.0053125447  -0.0001855541   0.0001911087
       -0.0015976591   0.0004782708   0.0010595611  -0.0002307718  -0.0426404687
        0.0041123480   0.0313839343  -0.0002635249  -0.0003847306  -0.0007758469
       -0.0000489970  -0.0005816398   0.0002923141
       -0.0012244312   0.0019791666   0.0002255886  -0.0003485331  -0.0049144419
        0.0001636535  -0.0124709979   0.0134277635   0.0268314724  -0.0050076202
        0.0058901451   0.0016259425  -0.0443672611   0.0192849063   0.0466056903
       -0.0003806205   0.0002027543   0.0007155390   0.0003151451   0.0004313175
       -0.0002657870  -0.0014343485   0.0005837772   0.0010531391   0.0007085955
       -0.0003533319  -0.0002635249   0.0647971274  -0.0382715459  -0.0790784216
       -0.0005870555   0.0017394892   0.0023867082
        0.0013152253  -0.0023424263  -0.0005680493   0.0026165538   0.0042879510
        0.0002479655  -0.0048365165   0.0052179149   0.0070753636   0.0010272361
       -0.0083083644  -0.0013834199   0.0403714682  -0.1237332124  -0.1978380885
        0.0006113420  -0.0002024510  -0.0000963969   0.0001330930  -0.0007269006
       -0.0005012982  -0.0023268015  -0.0008703451   0.0023107551  -0.0003276247
       -0.0000371311  -0.0003847306  -0.0382715459   0.1257443856   0.1899285061
       -0.0003124299   0.0009705795   0.0012093931
        0.0002323848   0.0001649627   0.0001491006  -0.0014883921  -0.0003419226
        0.0003608103   0.0103391313  -0.0051401625  -0.0107863433  -0.0027249981
        0.0059919034   0.0004689805   0.0693942316  -0.1910749945  -0.2931615249
        0.0002110387  -0.0001471060   0.0006809383  -0.0000445699  -0.0001060913
       -0.0002594038   0.0031208282   0.0005073323  -0.0016651255   0.0005587243
       -0.0002581187  -0.0007758469  -0.0790784216   0.1899285061   0.3023870847
       -0.0005199573   0.0004756912   0.0026013300
        0.0011841332  -0.0009256838  -0.0008692059  -0.0006097295   0.0052561180
       -0.0005499624  -0.1090603129  -0.0634831079  -0.0747221689   0.0062514613
        0.0029610052   0.0062742367  -0.0374701330  -0.0173094239  -0.0105985734
        0.0004101815   0.0002415244  -0.0000245614   0.0000294040  -0.0001968361
        0.0004840738  -0.0001827398  -0.0018052145  -0.0048488903  -0.0006360256
        0.0002515999  -0.0000489970  -0.0005870555  -0.0003124299  -0.0005199573
        0.1406708164   0.0753224486   0.0854240060
        0.0009562095  -0.0040188853   0.0007726045   0.0018227722   0.0018511766
       -0.0026423872  -0.0672616894  -0.0856634716  -0.0632589608  -0.0107971536
       -0.0358761646  -0.0182478109  -0.0047351056  -0.0002579289  -0.0029717250
        0.0001185372  -0.0003904030  -0.0003145383  -0.0002410765  -0.0008006579
       -0.0002980282   0.0032113208   0.0051266052   0.0058294227  -0.0001357523
        0.0002660370  -0.0005816398   0.0017394892   0.0009705795   0.0004756912
        0.0753224486   0.1187931130   0.0812373718
       -0.0002208450   0.0006792517   0.0002123785  -0.0004699019  -0.0011008533
       -0.0004606187  -0.0817907464  -0.0722802437  -0.1174907189   0.0008794805
       -0.0047014259  -0.0010541067   0.0094831664   0.0056343190   0.0041908783
       -0.0000879887  -0.0000395832  -0.0003150851   0.0000817333   0.0000335823
        0.0004339100  -0.0160755221  -0.0107165094  -0.0245284814   0.0003899096
        0.0000446976   0.0002923141   0.0023867082   0.0012093931   0.0026013300
        0.0854240060   0.0812373718   0.1361182000
