$hessian                                                                        
        0.5450146006  -0.0185987933  -0.0074903489  -0.2613602146  -0.0506517709
       -0.0035356696  -0.0158945647  -0.0332459237  -0.0046767110  -0.0418813176
       -0.0048488234  -0.0296769336  -0.0390542979  -0.0070975713   0.0197671797
       -0.1686950566   0.1185999563   0.0259775079  -0.0199672026  -0.0077128684
       -0.0007470739   0.0018380535   0.0035557947   0.0003820494
       -0.0185987933   0.5147568318   0.0176596314  -0.0374528469  -0.0724292625
       -0.0003153862  -0.0486845205  -0.0468407018  -0.0130273909  -0.0110980563
       -0.0786098302  -0.0998373010  -0.0139355149  -0.1636136725   0.1189144763
        0.1186085747  -0.1623044250  -0.0254858701   0.0140881586   0.0032024020
       -0.0003951539  -0.0029270014   0.0058386583   0.0024869945
       -0.0074903489   0.0176596314   0.4233468166  -0.0008454642   0.0002733362
       -0.0643320933  -0.0075667506  -0.0135862459   0.0293801144  -0.0328348883
       -0.0991769319  -0.2080489686   0.0203388936   0.1178265900  -0.1267019657
        0.0259459205  -0.0254917530  -0.0502498018   0.0032767437   0.0001596442
        0.0035009438  -0.0008241059   0.0023357289  -0.0068950454
       -0.2613602146  -0.0374528469  -0.0008454642   0.6073994095   0.0498089151
       -0.0035586264  -0.1328286229  -0.1143198089  -0.0186711500  -0.0061655351
       -0.0131077663  -0.0034227283  -0.0048437417  -0.0130136629  -0.0013461097
       -0.0312470128  -0.0041531648   0.0001352555  -0.1881420755   0.1123256819
        0.0244205609   0.0171877932   0.0199126528   0.0032882620
       -0.0506517709  -0.0724292625   0.0002733362   0.0498089151   0.7459837581
        0.1052556401  -0.1072131161  -0.4856240428  -0.0762329961  -0.0118362022
       -0.0162333823  -0.0056124425  -0.0191058904  -0.0206015950   0.0004899905
        0.0172220119   0.0106934006   0.0012531764   0.1142477369  -0.1200777108
       -0.0168899886   0.0075283158  -0.0417111653  -0.0085367160
       -0.0035356696  -0.0003153862  -0.0643320933  -0.0035586264   0.1052556401
        0.1812994754  -0.0173012354  -0.0758993961  -0.0662833157  -0.0227342264
       -0.0108011403  -0.0044062414   0.0171445596   0.0056055435  -0.0013245330
        0.0041725557   0.0019671668   0.0010976348   0.0248215045  -0.0169095595
       -0.0481535060   0.0009911380  -0.0089028682   0.0021025792
       -0.0158945647  -0.0486845205  -0.0075667506  -0.1328286229  -0.1072131161
       -0.0173012354   0.3655205648  -0.0024278849  -0.0094799181  -0.0040109262
       -0.0009459346   0.0006855595  -0.0043605504  -0.0007573456  -0.0008077366
        0.0033508051  -0.0014798132  -0.0003972196   0.0088511949   0.0212048643
        0.0035705448  -0.2206279006   0.1403037505   0.0312967560
       -0.0332459237  -0.0468407018  -0.0135862459  -0.1143198089  -0.4856240428
       -0.0758993961  -0.0024278849   0.7164502275   0.1210743452  -0.0043647978
        0.0051640393   0.0031867343  -0.0028626155   0.0063655944  -0.0003841693
        0.0039083771   0.0009187514   0.0003444883  -0.0016537703  -0.0372868975
       -0.0064841964   0.1549664240  -0.1591469705  -0.0282515602
       -0.0046767110  -0.0130273909   0.0293801144  -0.0186711500  -0.0762329961
       -0.0662833157  -0.0094799181   0.1210743452   0.0789612896   0.0039776644
        0.0025356008  -0.0003385677  -0.0051010167   0.0000827259  -0.0011417655
        0.0005528548   0.0004498047  -0.0013015452  -0.0005997536  -0.0070952538
       -0.0031072433   0.0339980302  -0.0277868358  -0.0361689665
       -0.0418813176  -0.0110980563  -0.0328348883  -0.0061655351  -0.0118362022
       -0.0227342264  -0.0040109262  -0.0043647978   0.0039776644   0.0441694287
        0.0171788713   0.0344083706   0.0049926921   0.0006311381   0.0016698574
        0.0033584195   0.0099704404   0.0156220987  -0.0001096794  -0.0008571603
        0.0012858348  -0.0003530821   0.0003757668  -0.0013947112
       -0.0048488234  -0.0786098302  -0.0991769319  -0.0131077663  -0.0162333823
       -0.0108011403  -0.0009459346   0.0051640393   0.0025356008   0.0171788713
        0.0930701742   0.1098135509   0.0021409497   0.0066872953   0.0164831761
       -0.0005006140  -0.0102531319  -0.0177313361  -0.0003867000   0.0010960258
       -0.0001803194   0.0004700172  -0.0009211902  -0.0009426000
       -0.0296769336  -0.0998373010  -0.2080489686  -0.0034227283  -0.0056124425
       -0.0044062414   0.0006855595   0.0031867343  -0.0003385677   0.0344083706
        0.1098135509   0.2429397290  -0.0031425798  -0.0035131943  -0.0267609970
        0.0012674854  -0.0041486174  -0.0042367232  -0.0000401157   0.0001499642
        0.0009149849  -0.0000790580  -0.0000386941  -0.0000632159
       -0.0390542979  -0.0139355149   0.0203388936  -0.0048437417  -0.0191058904
        0.0171445596  -0.0043605504  -0.0028626155  -0.0051010167   0.0049926921
        0.0021409497  -0.0031425798   0.0412556871   0.0192211665  -0.0181460249
        0.0024699659   0.0150840177  -0.0111124622  -0.0001873731  -0.0003892854
       -0.0014210497  -0.0002723819  -0.0001528277   0.0014396801
       -0.0070975713  -0.1636136725   0.1178265900  -0.0130136629  -0.0206015950
        0.0056055435  -0.0007573456   0.0063655944   0.0000827259   0.0006311381
        0.0066872953  -0.0035131943   0.0192211665   0.1878867798  -0.1333942651
        0.0009243192  -0.0166593260   0.0126616548  -0.0003667826   0.0010671488
        0.0002058418   0.0004587387  -0.0011322249   0.0005251035
        0.0197671797   0.1189144763  -0.1267019657  -0.0013461097   0.0004899905
       -0.0013245330  -0.0008077366  -0.0003841693  -0.0011417655   0.0016698574
        0.0164831761  -0.0267609970  -0.0181460249  -0.1333942651   0.1517619447
       -0.0013702168  -0.0016578387   0.0030800452  -0.0000484609  -0.0000752403
        0.0010265390   0.0002815118  -0.0003761294   0.0000607324
       -0.1686950566   0.1186085747   0.0259459205  -0.0312470128   0.0172220119
        0.0041725557   0.0033508051   0.0039083771   0.0005528548   0.0033584195
       -0.0005006140   0.0012674854   0.0024699659   0.0009243192  -0.0013702168
        0.1942404132  -0.1364067498  -0.0301276811  -0.0036400210  -0.0020517202
       -0.0001172610   0.0001624869  -0.0017041988  -0.0003236575
        0.1185999563  -0.1623044250  -0.0254917530  -0.0041531648   0.0106934006
        0.0019671668  -0.0014798132   0.0009187514   0.0004498047   0.0099704404
       -0.0102531319  -0.0041486174   0.0150840177  -0.0166593260  -0.0016578387
       -0.1364067498   0.1780318599   0.0297103784  -0.0023111998  -0.0002874060
       -0.0008844667   0.0006965132  -0.0001397230   0.0000553258
        0.0259775079  -0.0254858701  -0.0502498018   0.0001352555   0.0012531764
        0.0010976348  -0.0003972196   0.0003444883  -0.0013015452   0.0156220987
       -0.0177313361  -0.0042367232  -0.0111124622   0.0126616548   0.0030800452
       -0.0301276811   0.0297103784   0.0474502414  -0.0002111135  -0.0008652856
        0.0046442513   0.0001136142   0.0001127940  -0.0004841025
       -0.0199672026   0.0140881586   0.0032767437  -0.1881420755   0.1142477369
        0.0248215045   0.0088511949  -0.0016537703  -0.0005997536  -0.0001096794
       -0.0003867000  -0.0000401157  -0.0001873731  -0.0003667826  -0.0000484609
       -0.0036400210  -0.0023111998  -0.0002111135   0.2027402291  -0.1224754153
       -0.0273073474   0.0004549277  -0.0011420276   0.0001085429
       -0.0077128684   0.0032024020   0.0001596442   0.1123256819  -0.1200777108
       -0.0169095595   0.0212048643  -0.0372868975  -0.0070952538  -0.0008571603
        0.0010960258   0.0001499642  -0.0003892854   0.0010671488  -0.0000752403
       -0.0020517202  -0.0002874060  -0.0008652856  -0.1224754153   0.1555717584
        0.0273733206  -0.0000440966  -0.0032853207  -0.0027375898
       -0.0007470739  -0.0003951539   0.0035009438   0.0244205609  -0.0168899886
       -0.0481535060   0.0035705448  -0.0064841964  -0.0031072433   0.0012858348
       -0.0001803194   0.0009149849  -0.0014210497   0.0002058418   0.0010265390
       -0.0001172610  -0.0008844667   0.0046442513  -0.0273073474   0.0273733206
        0.0298308881   0.0003157914  -0.0027450375   0.0113431421
        0.0018380535  -0.0029270014  -0.0008241059   0.0171877932   0.0075283158
        0.0009911380  -0.2206279006   0.1549664240   0.0339980302  -0.0003530821
        0.0004700172  -0.0000790580  -0.0002723819   0.0004587387   0.0002815118
        0.0001624869   0.0006965132   0.0001136142   0.0004549277  -0.0000440966
        0.0003157914   0.2016101033  -0.1611489107  -0.0347969217
        0.0035557947   0.0058386583   0.0023357289   0.0199126528  -0.0417111653
       -0.0089028682   0.1403037505  -0.1591469705  -0.0277868358   0.0003757668
       -0.0009211902  -0.0000386941  -0.0001528277  -0.0011322249  -0.0003761294
       -0.0017041988  -0.0001397230   0.0001127940  -0.0011420276  -0.0032853207
       -0.0027450375  -0.1611489107   0.2004979363   0.0374010422
        0.0003820494   0.0024869945  -0.0068950454   0.0032882620  -0.0085367160
        0.0021025792   0.0312967560  -0.0282515602  -0.0361689665  -0.0013947112
       -0.0009426000  -0.0000632159   0.0014396801   0.0005251035   0.0000607324
       -0.0003236575   0.0000553258  -0.0004841025   0.0001085429  -0.0027375898
        0.0113431421  -0.0347969217   0.0374010422   0.0301048766
